# Blender 3.6.2
# www.blender.org
mtllib tree3.mtl
o Cube
v -1.100475 -0.948368 0.013125
v -1.099675 -0.986174 -0.033459
v -1.053891 -0.977334 0.037433
v -1.053092 -1.015141 -0.009151
v -1.138281 -0.984859 0.042092
v -1.137482 -1.022665 -0.004492
v -1.091697 -1.013826 0.066400
v -1.090898 -1.051632 0.019816
v -0.431896 -1.007248 -1.067551
v -0.471084 -1.050853 -1.054790
v -0.444657 -0.980510 -1.015375
v -0.483846 -1.024116 -1.002614
v -0.475501 -0.975884 -1.094288
v -0.514690 -1.019490 -1.081527
v -0.488262 -0.949147 -1.042113
v -0.527451 -0.992752 -1.029352
v 0.816640 -0.951141 -0.942986
v 0.826709 -1.000330 -0.975835
v 0.849489 -0.974201 -0.898386
v 0.859558 -1.023390 -0.931235
v 0.767451 -0.976610 -0.919926
v 0.777520 -1.025799 -0.952775
v 0.800300 -0.999670 -0.875326
v 0.810369 -1.048859 -0.908175
v 1.151283 -0.949454 0.291035
v 1.158637 -0.994260 0.251813
v 1.190506 -0.975546 0.328194
v 1.197859 -1.020352 0.288972
v 1.106478 -0.979648 0.317127
v 1.113831 -1.024454 0.277905
v 1.145700 -1.005740 0.354286
v 1.153053 -1.050546 0.315064
v 0.303733 -1.032315 1.110088
v 0.243735 -1.032796 1.110110
v 0.303711 -1.026962 1.169849
v 0.243713 -1.027444 1.169870
v 0.303252 -0.972556 1.104735
v 0.243254 -0.973038 1.104757
v 0.303230 -0.967203 1.164496
v 0.243232 -0.967685 1.164518
v -0.935406 -0.948490 0.742239
v -0.931519 -0.989297 0.698425
v -0.891592 -0.976476 0.772191
v -0.887705 -1.017283 0.728376
v -0.976213 -0.982426 0.770225
v -0.972326 -1.023232 0.726411
v -0.932398 -1.010411 0.800177
v -0.928512 -1.051218 0.756362
v -0.899062 -0.971611 -0.552525
v -0.957759 -0.983777 -0.549940
v -0.901647 -0.947487 -0.497649
v -0.960343 -0.959653 -0.495065
v -0.911229 -0.918038 -0.576648
v -0.969925 -0.930204 -0.574064
v -0.913813 -0.893915 -0.521773
v -0.972509 -0.906081 -0.519188
v 0.268201 -0.891332 -1.022678
v 0.217734 -0.922456 -1.013497
v 0.259020 -0.861353 -0.971522
v 0.208552 -0.892477 -0.962340
v 0.237077 -0.849708 -1.052657
v 0.186609 -0.880832 -1.043476
v 0.227895 -0.819729 -1.001501
v 0.177428 -0.850853 -0.992319
v 1.075848 -0.747261 -0.176241
v 1.086554 -0.802744 -0.196414
v 1.096021 -0.763091 -0.121996
v 1.106727 -0.818575 -0.142170
v 1.020364 -0.763723 -0.160410
v 1.031070 -0.819206 -0.180584
v 1.040538 -0.779553 -0.106166
v 1.051244 -0.835036 -0.126339
v 0.567099 -0.661686 0.939991
v 0.576292 -0.719225 0.925681
v 0.581410 -0.673586 0.997032
v 0.590602 -0.731125 0.982721
v 0.509561 -0.673838 0.951892
v 0.518753 -0.731377 0.937581
v 0.523871 -0.685738 1.008932
v 0.533063 -0.743277 0.994621
v -0.690072 -0.653077 0.798455
v -0.750014 -0.655700 0.798726
v -0.690343 -0.640808 0.857186
v -0.750285 -0.643431 0.857458
v -0.692696 -0.594403 0.786186
v -0.752638 -0.597027 0.786457
v -0.692967 -0.582134 0.844917
v -0.752909 -0.584758 0.845189
v -0.824383 -0.571609 -0.440124
v -0.879985 -0.593392 -0.434299
v -0.830209 -0.542756 -0.387841
v -0.885811 -0.564539 -0.382015
v -0.846167 -0.523723 -0.468977
v -0.901768 -0.545507 -0.463151
v -0.851993 -0.494871 -0.416694
v -0.907594 -0.516654 -0.410868
v 0.323431 -0.482968 -0.912820
v 0.274335 -0.516025 -0.902975
v 0.313586 -0.453125 -0.861708
v 0.264491 -0.486181 -0.851863
v 0.290375 -0.442761 -0.942663
v 0.241279 -0.475817 -0.932819
v 0.280530 -0.412917 -0.891552
v 0.231435 -0.445973 -0.881707
v 0.968940 -0.332892 0.099774
v 0.936547 -0.347670 0.051479
v 1.017234 -0.358743 0.075291
v 0.984842 -0.373521 0.026997
v 0.954162 -0.384982 0.125625
v 0.921770 -0.399759 0.077331
v 1.002456 -0.410833 0.101142
v 0.970064 -0.425611 0.052848
v 0.189449 -0.322897 0.918736
v 0.129457 -0.323860 0.918797
v 0.189389 -0.315356 0.978260
v 0.129396 -0.316319 0.978321
v 0.188486 -0.263380 0.911195
v 0.128494 -0.264343 0.911256
v 0.188426 -0.255840 0.970720
v 0.128433 -0.256803 0.970780
v -0.814243 -0.196748 0.294322
v -0.846181 -0.245776 0.307597
v -0.827518 -0.173555 0.348042
v -0.859456 -0.222583 0.361317
v -0.863271 -0.171090 0.271128
v -0.895209 -0.220118 0.284404
v -0.876547 -0.147897 0.324848
v -0.908484 -0.196925 0.338124
v -0.268705 -0.132797 -0.780767
v -0.327388 -0.145024 -0.778164
v -0.271308 -0.108628 -0.725912
v -0.329991 -0.120855 -0.723309
v -0.280932 -0.079258 -0.804936
v -0.339615 -0.091486 -0.802333
v -0.283535 -0.055089 -0.750081
v -0.342218 -0.067317 -0.747478
v 0.809291 0.051156 -0.338150
v 0.809560 0.013832 -0.385128
v 0.856269 0.022063 -0.314768
v 0.856537 -0.015260 -0.361746
v 0.771968 0.014269 -0.309058
v 0.772236 -0.023054 -0.356035
v 0.818945 -0.014823 -0.285675
v 0.819214 -0.052146 -0.332653
v 0.439001 0.070089 0.775213
v 0.382413 0.050767 0.780164
v 0.434050 0.098124 0.828028
v 0.377462 0.078803 0.832980
v 0.419679 0.119492 0.747177
v 0.363092 0.100171 0.752129
v 0.414728 0.147528 0.799993
v 0.358140 0.128206 0.804944
v -0.701514 0.166950 0.358133
v -0.761513 0.166641 0.358144
v -0.701525 0.171249 0.417978
v -0.761524 0.170939 0.417990
v -0.701824 0.226795 0.353834
v -0.761823 0.226486 0.353845
v -0.701835 0.231094 0.413680
v -0.761834 0.230784 0.413691
v -0.177709 0.328012 -0.710780
v -0.181800 0.268260 -0.707176
v -0.181312 0.331863 -0.651012
v -0.185403 0.272111 -0.647409
v -0.237461 0.331871 -0.714630
v -0.241552 0.272119 -0.711027
v -0.241064 0.335722 -0.654863
v -0.245155 0.275970 -0.651259
v 0.783223 0.450932 -0.101441
v 0.792394 0.393375 -0.115692
v 0.797474 0.439074 -0.044377
v 0.806645 0.381517 -0.058628
v 0.725666 0.438825 -0.089582
v 0.734837 0.381268 -0.103833
v 0.739917 0.426967 -0.032518
v 0.749088 0.369410 -0.046770
v -0.012048 0.561157 0.718208
v -0.004864 0.502387 0.708489
v -0.002329 0.552656 0.776802
v 0.004855 0.493886 0.767083
v -0.070818 0.552567 0.726709
v -0.063634 0.493797 0.716990
v -0.061100 0.544066 0.785303
v -0.053916 0.485296 0.775585
v -0.613706 0.698526 -0.206090
v -0.614935 0.662523 -0.254073
v -0.565723 0.669132 -0.185264
v -0.566952 0.633130 -0.233247
v -0.649708 0.660580 -0.176697
v -0.650937 0.624578 -0.224679
v -0.601726 0.631187 -0.155871
v -0.602955 0.595184 -0.203854
v 0.551334 0.785369 -0.437647
v 0.519079 0.736550 -0.424369
v 0.538056 0.808733 -0.384001
v 0.505801 0.759914 -0.370723
v 0.502515 0.811270 -0.461010
v 0.470260 0.762451 -0.447732
v 0.489238 0.834634 -0.407364
v 0.456982 0.785815 -0.394086
v 0.172217 0.956925 0.640450
v 0.162889 0.927323 0.589101
v 0.223566 0.926928 0.648415
v 0.214238 0.897326 0.597066
v 0.142615 0.914218 0.670448
v 0.133287 0.884616 0.619098
v 0.193964 0.884221 0.678412
v 0.184636 0.854619 0.627063
v -0.470732 1.016638 -0.175601
v -0.527964 0.999147 -0.171285
v -0.475048 1.043906 -0.122330
v -0.532280 1.026415 -0.118014
v -0.488223 1.067141 -0.202869
v -0.545455 1.049650 -0.198553
v -0.492539 1.094409 -0.149597
v -0.549771 1.076918 -0.145281
v 0.565316 1.167402 -0.182673
v 0.505356 1.165221 -0.182467
v 0.565110 1.178631 -0.123733
v 0.505150 1.176450 -0.123527
v 0.563136 1.226301 -0.193902
v 0.503176 1.224121 -0.193696
v 0.562930 1.237530 -0.134962
v 0.502970 1.235349 -0.134756
v -0.261482 1.419790 0.458412
v -0.278309 1.395404 0.406237
v -0.209307 1.390320 0.455360
v -0.226134 1.365934 0.403185
v -0.285868 1.373564 0.487882
v -0.302694 1.349178 0.435707
v -0.233693 1.344093 0.484830
v -0.250520 1.319708 0.432655
v 0.176843 1.507532 -0.419310
v 0.116845 1.506952 -0.419282
v 0.176814 1.513401 -0.359598
v 0.116817 1.512821 -0.359569
v 0.176263 1.567241 -0.425180
v 0.116266 1.566661 -0.425151
v 0.176234 1.573111 -0.365468
v 0.116237 1.572531 -0.365439
v -0.027851 1.743350 0.401240
v -0.057261 1.692739 0.414416
v -0.041027 1.765148 0.455565
v -0.070437 1.714538 0.468741
v -0.078462 1.767084 0.379441
v -0.107872 1.716474 0.392617
v -0.091638 1.788883 0.433766
v -0.121048 1.738272 0.446942
v 0.225545 2.026422 -0.171529
v 0.192668 2.011925 -0.219580
v 0.273596 2.000738 -0.196657
v 0.240719 1.986241 -0.244708
v 0.211048 1.974171 -0.145845
v 0.178170 1.959674 -0.193896
v 0.259099 1.948487 -0.170973
v 0.226221 1.933990 -0.219024
v -0.177897 2.226487 -0.037066
v -0.225612 2.191640 -0.026629
v -0.188334 2.256093 0.014067
v -0.236049 2.221246 0.024504
v -0.212743 2.265335 -0.066672
v -0.260459 2.230488 -0.056235
v -0.223180 2.294941 -0.015539
v -0.270896 2.260094 -0.005102
v 0.014787 2.768006 0.004886
v 0.007254 2.737071 -0.045970
v 0.065643 2.738021 0.015592
v 0.058109 2.707086 -0.035263
v -0.016148 2.726246 0.034871
v -0.023682 2.695311 -0.015984
v 0.034707 2.696261 0.045577
v 0.027174 2.665326 -0.005278
vn -0.0133 0.6301 0.7764
vn 0.7764 -0.4828 0.4051
vn -0.6301 -0.6082 0.4828
vn 0.0133 -0.6301 -0.7764
vn 0.6301 0.6082 -0.4828
vn -0.7764 0.4828 -0.4051
vn 0.6531 0.7268 -0.2127
vn -0.2127 0.4456 0.8696
vn -0.7268 0.5227 -0.4456
vn -0.6531 -0.7268 0.2127
vn 0.7268 -0.5227 0.4456
vn 0.2127 -0.4456 -0.8696
vn -0.1678 0.8198 0.5475
vn 0.5475 -0.3843 0.7433
vn -0.8198 -0.4245 0.3843
vn 0.1678 -0.8198 -0.5475
vn 0.8198 0.4245 -0.3843
vn -0.5475 0.3843 -0.7433
vn -0.1226 0.7468 0.6537
vn 0.6537 -0.4349 0.6193
vn -0.7468 -0.5032 0.4349
vn 0.1226 -0.7468 -0.6537
vn 0.7468 0.5032 -0.4349
vn -0.6537 0.4349 -0.6193
vn 1.0000 0.0080 -0.0004
vn -0.0004 0.0892 0.9960
vn -0.0080 0.9960 -0.0892
vn -1.0000 -0.0080 0.0004
vn 0.0080 -0.9960 0.0892
vn 0.0004 -0.0892 -0.9960
vn -0.0648 0.6801 0.7302
vn 0.7302 -0.4664 0.4992
vn -0.6801 -0.5656 0.4664
vn 0.0648 -0.6801 -0.7302
vn 0.6801 0.5656 -0.4664
vn -0.7302 0.4664 -0.4992
vn 0.9783 0.2028 -0.0431
vn -0.0431 0.4021 0.9146
vn -0.2028 0.8929 -0.4021
vn -0.9783 -0.2028 0.0431
vn 0.2028 -0.8929 0.4021
vn 0.0431 -0.4021 -0.9146
vn 0.8411 0.5187 -0.1530
vn -0.1530 0.4996 0.8526
vn -0.5187 0.6937 -0.4996
vn -0.8411 -0.5187 0.1530
vn 0.5187 -0.6937 0.4996
vn 0.1530 -0.4996 -0.8526
vn -0.1784 0.9247 0.3362
vn 0.3362 -0.2638 0.9041
vn -0.9247 -0.2744 0.2638
vn 0.1784 -0.9247 -0.3362
vn 0.9247 0.2744 -0.2638
vn -0.3362 0.2638 -0.9041
vn -0.1532 0.9590 0.2385
vn 0.2385 -0.1983 0.9507
vn -0.9590 -0.2025 0.1983
vn 0.1532 -0.9590 -0.2385
vn 0.9590 0.2025 -0.1983
vn -0.2385 0.1983 -0.9507
vn 0.9990 0.0437 -0.0045
vn -0.0045 0.2045 0.9789
vn -0.0437 0.9779 -0.2045
vn -0.9990 -0.0437 0.0045
vn 0.0437 -0.9779 0.2045
vn 0.0045 -0.2045 -0.9789
vn 0.9267 0.3631 -0.0971
vn -0.0971 0.4809 0.8714
vn -0.3631 0.7981 -0.4809
vn -0.9267 -0.3631 0.0971
vn 0.3631 -0.7981 0.4809
vn 0.0971 -0.4809 -0.8714
vn 0.8183 0.5509 -0.1641
vn -0.1641 0.4974 0.8519
vn -0.5509 0.6701 -0.4974
vn -0.8183 -0.5509 0.1641
vn 0.5509 -0.6701 0.4974
vn 0.1641 -0.4974 -0.8519
vn 0.5399 0.2463 0.8049
vn 0.8049 -0.4309 -0.4080
vn -0.2463 -0.8682 0.4309
vn -0.5399 -0.2463 -0.8049
vn 0.2463 0.8682 -0.4309
vn -0.8049 0.4309 0.4080
vn 0.9999 0.0161 -0.0010
vn -0.0010 0.1257 0.9921
vn -0.0161 0.9919 -0.1257
vn -0.9999 -0.0161 0.0010
vn 0.0161 -0.9919 0.1257
vn 0.0010 -0.1257 -0.9921
vn 0.5323 0.8171 -0.2213
vn -0.2213 0.3866 0.8953
vn -0.8171 0.4276 -0.3866
vn -0.5323 -0.8171 0.2213
vn 0.8171 -0.4276 0.3866
vn 0.2213 -0.3866 -0.8953
vn 0.9781 0.2038 -0.0434
vn -0.0434 0.4028 0.9143
vn -0.2038 0.8923 -0.4028
vn -0.9781 -0.2038 0.0434
vn 0.2038 -0.8923 0.4028
vn 0.0434 -0.4028 -0.9143
vn -0.0045 0.6221 0.7830
vn 0.7830 -0.4849 0.3897
vn -0.6221 -0.6148 0.4849
vn 0.0045 -0.6221 -0.7830
vn 0.6221 0.6148 -0.4849
vn -0.7830 0.4849 -0.3897
vn 0.9431 0.3220 -0.0825
vn -0.0825 0.4673 0.8803
vn -0.3220 0.8234 -0.4673
vn -0.9431 -0.3220 0.0825
vn 0.3220 -0.8234 0.4673
vn 0.0825 -0.4673 -0.8803
vn 1.0000 0.0052 -0.0002
vn -0.0002 0.0716 0.9974
vn -0.0052 0.9974 -0.0716
vn -1.0000 -0.0052 0.0002
vn 0.0052 -0.9974 0.0716
vn 0.0002 -0.0716 -0.9974
vn 0.0682 0.9959 -0.0601
vn -0.0601 0.0642 0.9961
vn -0.9959 0.0643 -0.0642
vn -0.0682 -0.9959 0.0601
vn 0.9959 -0.0643 0.0642
vn 0.0601 -0.0642 -0.9961
vn -0.1529 0.9593 0.2375
vn 0.2375 -0.1976 0.9511
vn -0.9593 -0.2018 0.1976
vn 0.1529 -0.9593 -0.2375
vn 0.9593 0.2018 -0.1976
vn -0.2375 0.1976 -0.9511
vn -0.1197 0.9795 0.1620
vn 0.1620 -0.1417 0.9766
vn -0.9795 -0.1432 0.1417
vn 0.1197 -0.9795 -0.1620
vn 0.9795 0.1432 -0.1417
vn -0.1620 0.1417 -0.9766
vn 0.0205 0.6000 0.7997
vn 0.7997 -0.4899 0.3471
vn -0.6000 -0.6324 0.4899
vn -0.0205 -0.6000 -0.7997
vn 0.6000 0.6324 -0.4899
vn -0.7997 0.4899 -0.3471
vn 0.5376 0.8136 -0.2213
vn -0.2213 0.3894 0.8941
vn -0.8136 0.4317 -0.3894
vn -0.5376 -0.8136 0.2213
vn 0.8136 -0.4317 0.3894
vn 0.2213 -0.3894 -0.8941
vn 0.1555 0.4934 0.8558
vn 0.8558 -0.5000 0.1327
vn -0.4934 -0.7118 0.5000
vn -0.1555 -0.4934 -0.8558
vn 0.4934 0.7118 -0.5000
vn -0.8558 0.5000 -0.1327
vn 0.9539 0.2915 -0.0719
vn -0.0719 0.4545 0.8879
vn -0.2915 0.8417 -0.4545
vn -0.9539 -0.2915 0.0719
vn 0.2915 -0.8417 0.4545
vn 0.0719 -0.4545 -0.8879
vn 0.9993 0.0363 -0.0034
vn -0.0034 0.1871 0.9823
vn -0.0363 0.9817 -0.1871
vn -0.9993 -0.0363 0.0034
vn 0.0363 -0.9817 0.1871
vn 0.0034 -0.1871 -0.9823
vn 0.2804 0.4064 0.8696
vn 0.8696 -0.4912 -0.0509
vn -0.4064 -0.7704 0.4912
vn -0.2804 -0.4064 -0.8696
vn 0.4064 0.7704 -0.4912
vn -0.8696 0.4912 0.0509
vn 1.0000 0.0097 -0.0005
vn -0.0005 0.0978 0.9952
vn -0.0097 0.9952 -0.0978
vn -1.0000 -0.0097 0.0005
vn 0.0097 -0.9952 0.0978
vn 0.0005 -0.0978 -0.9952
vn 0.4902 0.8435 -0.2196
vn -0.2196 0.3633 0.9054
vn -0.8435 0.3956 -0.3633
vn -0.4902 -0.8435 0.2196
vn 0.8435 -0.3956 0.3633
vn 0.2196 -0.3633 -0.9054
vn 0.5480 0.2416 0.8009
vn 0.8008 -0.4281 -0.4188
vn -0.2416 -0.8708 0.4281
vn -0.5480 -0.2416 -0.8009
vn 0.2416 0.8708 -0.4281
vn -0.8009 0.4281 0.4188
vn 0.7953 0.5808 -0.1739
vn -0.1739 0.4934 0.8522
vn -0.5808 0.6475 -0.4934
vn -0.7953 -0.5808 0.1739
vn 0.5808 -0.6475 0.4934
vn 0.1739 -0.4934 -0.8522
vn 0.1256 0.5156 0.8476
vn 0.8476 -0.4998 0.1784
vn -0.5156 -0.6960 0.4998
vn -0.1256 -0.5156 -0.8476
vn 0.5156 0.6960 -0.4998
vn -0.8476 0.4998 -0.1784
vt 0.625000 0.500000
vt 0.875000 0.500000
vt 0.875000 0.750000
vt 0.625000 0.750000
vt 0.375000 0.750000
vt 0.625000 1.000000
vt 0.375000 1.000000
vt 0.375000 0.000000
vt 0.625000 0.000000
vt 0.625000 0.250000
vt 0.375000 0.250000
vt 0.125000 0.500000
vt 0.375000 0.500000
vt 0.125000 0.750000
s 0
usemtl Material
f 1/1/1 5/2/1 7/3/1 3/4/1
f 4/5/2 3/4/2 7/6/2 8/7/2
f 8/8/3 7/9/3 5/10/3 6/11/3
f 6/12/4 2/13/4 4/5/4 8/14/4
f 2/13/5 1/1/5 3/4/5 4/5/5
f 6/11/6 5/10/6 1/1/6 2/13/6
f 9/1/7 13/2/7 15/3/7 11/4/7
f 12/5/8 11/4/8 15/6/8 16/7/8
f 16/8/9 15/9/9 13/10/9 14/11/9
f 14/12/10 10/13/10 12/5/10 16/14/10
f 10/13/11 9/1/11 11/4/11 12/5/11
f 14/11/12 13/10/12 9/1/12 10/13/12
f 17/1/13 21/2/13 23/3/13 19/4/13
f 20/5/14 19/4/14 23/6/14 24/7/14
f 24/8/15 23/9/15 21/10/15 22/11/15
f 22/12/16 18/13/16 20/5/16 24/14/16
f 18/13/17 17/1/17 19/4/17 20/5/17
f 22/11/18 21/10/18 17/1/18 18/13/18
f 25/1/19 29/2/19 31/3/19 27/4/19
f 28/5/20 27/4/20 31/6/20 32/7/20
f 32/8/21 31/9/21 29/10/21 30/11/21
f 30/12/22 26/13/22 28/5/22 32/14/22
f 26/13/23 25/1/23 27/4/23 28/5/23
f 30/11/24 29/10/24 25/1/24 26/13/24
f 33/1/25 37/2/25 39/3/25 35/4/25
f 36/5/26 35/4/26 39/6/26 40/7/26
f 40/8/27 39/9/27 37/10/27 38/11/27
f 38/12/28 34/13/28 36/5/28 40/14/28
f 34/13/29 33/1/29 35/4/29 36/5/29
f 38/11/30 37/10/30 33/1/30 34/13/30
f 41/1/31 45/2/31 47/3/31 43/4/31
f 44/5/32 43/4/32 47/6/32 48/7/32
f 48/8/33 47/9/33 45/10/33 46/11/33
f 46/12/34 42/13/34 44/5/34 48/14/34
f 42/13/35 41/1/35 43/4/35 44/5/35
f 46/11/36 45/10/36 41/1/36 42/13/36
f 49/1/37 53/2/37 55/3/37 51/4/37
f 52/5/38 51/4/38 55/6/38 56/7/38
f 56/8/39 55/9/39 53/10/39 54/11/39
f 54/12/40 50/13/40 52/5/40 56/14/40
f 50/13/41 49/1/41 51/4/41 52/5/41
f 54/11/42 53/10/42 49/1/42 50/13/42
f 57/1/43 61/2/43 63/3/43 59/4/43
f 60/5/44 59/4/44 63/6/44 64/7/44
f 64/8/45 63/9/45 61/10/45 62/11/45
f 62/12/46 58/13/46 60/5/46 64/14/46
f 58/13/47 57/1/47 59/4/47 60/5/47
f 62/11/48 61/10/48 57/1/48 58/13/48
f 65/1/49 69/2/49 71/3/49 67/4/49
f 68/5/50 67/4/50 71/6/50 72/7/50
f 72/8/51 71/9/51 69/10/51 70/11/51
f 70/12/52 66/13/52 68/5/52 72/14/52
f 66/13/53 65/1/53 67/4/53 68/5/53
f 70/11/54 69/10/54 65/1/54 66/13/54
f 73/1/55 77/2/55 79/3/55 75/4/55
f 76/5/56 75/4/56 79/6/56 80/7/56
f 80/8/57 79/9/57 77/10/57 78/11/57
f 78/12/58 74/13/58 76/5/58 80/14/58
f 74/13/59 73/1/59 75/4/59 76/5/59
f 78/11/60 77/10/60 73/1/60 74/13/60
f 81/1/61 85/2/61 87/3/61 83/4/61
f 84/5/62 83/4/62 87/6/62 88/7/62
f 88/8/63 87/9/63 85/10/63 86/11/63
f 86/12/64 82/13/64 84/5/64 88/14/64
f 82/13/65 81/1/65 83/4/65 84/5/65
f 86/11/66 85/10/66 81/1/66 82/13/66
f 89/1/67 93/2/67 95/3/67 91/4/67
f 92/5/68 91/4/68 95/6/68 96/7/68
f 96/8/69 95/9/69 93/10/69 94/11/69
f 94/12/70 90/13/70 92/5/70 96/14/70
f 90/13/71 89/1/71 91/4/71 92/5/71
f 94/11/72 93/10/72 89/1/72 90/13/72
f 97/1/73 101/2/73 103/3/73 99/4/73
f 100/5/74 99/4/74 103/6/74 104/7/74
f 104/8/75 103/9/75 101/10/75 102/11/75
f 102/12/76 98/13/76 100/5/76 104/14/76
f 98/13/77 97/1/77 99/4/77 100/5/77
f 102/11/78 101/10/78 97/1/78 98/13/78
f 105/1/79 109/2/79 111/3/79 107/4/79
f 108/5/80 107/4/80 111/6/80 112/7/80
f 112/8/81 111/9/81 109/10/81 110/11/81
f 110/12/82 106/13/82 108/5/82 112/14/82
f 106/13/83 105/1/83 107/4/83 108/5/83
f 110/11/84 109/10/84 105/1/84 106/13/84
f 113/1/85 117/2/85 119/3/85 115/4/85
f 116/5/86 115/4/86 119/6/86 120/7/86
f 120/8/87 119/9/87 117/10/87 118/11/87
f 118/12/88 114/13/88 116/5/88 120/14/88
f 114/13/89 113/1/89 115/4/89 116/5/89
f 118/11/90 117/10/90 113/1/90 114/13/90
f 121/1/91 125/2/91 127/3/91 123/4/91
f 124/5/92 123/4/92 127/6/92 128/7/92
f 128/8/93 127/9/93 125/10/93 126/11/93
f 126/12/94 122/13/94 124/5/94 128/14/94
f 122/13/95 121/1/95 123/4/95 124/5/95
f 126/11/96 125/10/96 121/1/96 122/13/96
f 129/1/97 133/2/97 135/3/97 131/4/97
f 132/5/98 131/4/98 135/6/98 136/7/98
f 136/8/99 135/9/99 133/10/99 134/11/99
f 134/12/100 130/13/100 132/5/100 136/14/100
f 130/13/101 129/1/101 131/4/101 132/5/101
f 134/11/102 133/10/102 129/1/102 130/13/102
f 137/1/103 141/2/103 143/3/103 139/4/103
f 140/5/104 139/4/104 143/6/104 144/7/104
f 144/8/105 143/9/105 141/10/105 142/11/105
f 142/12/106 138/13/106 140/5/106 144/14/106
f 138/13/107 137/1/107 139/4/107 140/5/107
f 142/11/108 141/10/108 137/1/108 138/13/108
f 145/1/109 149/2/109 151/3/109 147/4/109
f 148/5/110 147/4/110 151/6/110 152/7/110
f 152/8/111 151/9/111 149/10/111 150/11/111
f 150/12/112 146/13/112 148/5/112 152/14/112
f 146/13/113 145/1/113 147/4/113 148/5/113
f 150/11/114 149/10/114 145/1/114 146/13/114
f 153/1/115 157/2/115 159/3/115 155/4/115
f 156/5/116 155/4/116 159/6/116 160/7/116
f 160/8/117 159/9/117 157/10/117 158/11/117
f 158/12/118 154/13/118 156/5/118 160/14/118
f 154/13/119 153/1/119 155/4/119 156/5/119
f 158/11/120 157/10/120 153/1/120 154/13/120
f 161/1/121 165/2/121 167/3/121 163/4/121
f 164/5/122 163/4/122 167/6/122 168/7/122
f 168/8/123 167/9/123 165/10/123 166/11/123
f 166/12/124 162/13/124 164/5/124 168/14/124
f 162/13/125 161/1/125 163/4/125 164/5/125
f 166/11/126 165/10/126 161/1/126 162/13/126
f 169/1/127 173/2/127 175/3/127 171/4/127
f 172/5/128 171/4/128 175/6/128 176/7/128
f 176/8/129 175/9/129 173/10/129 174/11/129
f 174/12/130 170/13/130 172/5/130 176/14/130
f 170/13/131 169/1/131 171/4/131 172/5/131
f 174/11/132 173/10/132 169/1/132 170/13/132
f 177/1/133 181/2/133 183/3/133 179/4/133
f 180/5/134 179/4/134 183/6/134 184/7/134
f 184/8/135 183/9/135 181/10/135 182/11/135
f 182/12/136 178/13/136 180/5/136 184/14/136
f 178/13/137 177/1/137 179/4/137 180/5/137
f 182/11/138 181/10/138 177/1/138 178/13/138
f 185/1/139 189/2/139 191/3/139 187/4/139
f 188/5/140 187/4/140 191/6/140 192/7/140
f 192/8/141 191/9/141 189/10/141 190/11/141
f 190/12/142 186/13/142 188/5/142 192/14/142
f 186/13/143 185/1/143 187/4/143 188/5/143
f 190/11/144 189/10/144 185/1/144 186/13/144
f 193/1/145 197/2/145 199/3/145 195/4/145
f 196/5/146 195/4/146 199/6/146 200/7/146
f 200/8/147 199/9/147 197/10/147 198/11/147
f 198/12/148 194/13/148 196/5/148 200/14/148
f 194/13/149 193/1/149 195/4/149 196/5/149
f 198/11/150 197/10/150 193/1/150 194/13/150
f 201/1/151 205/2/151 207/3/151 203/4/151
f 204/5/152 203/4/152 207/6/152 208/7/152
f 208/8/153 207/9/153 205/10/153 206/11/153
f 206/12/154 202/13/154 204/5/154 208/14/154
f 202/13/155 201/1/155 203/4/155 204/5/155
f 206/11/156 205/10/156 201/1/156 202/13/156
f 209/1/157 213/2/157 215/3/157 211/4/157
f 212/5/158 211/4/158 215/6/158 216/7/158
f 216/8/159 215/9/159 213/10/159 214/11/159
f 214/12/160 210/13/160 212/5/160 216/14/160
f 210/13/161 209/1/161 211/4/161 212/5/161
f 214/11/162 213/10/162 209/1/162 210/13/162
f 217/1/163 221/2/163 223/3/163 219/4/163
f 220/5/164 219/4/164 223/6/164 224/7/164
f 224/8/165 223/9/165 221/10/165 222/11/165
f 222/12/166 218/13/166 220/5/166 224/14/166
f 218/13/167 217/1/167 219/4/167 220/5/167
f 222/11/168 221/10/168 217/1/168 218/13/168
f 225/1/169 229/2/169 231/3/169 227/4/169
f 228/5/170 227/4/170 231/6/170 232/7/170
f 232/8/171 231/9/171 229/10/171 230/11/171
f 230/12/172 226/13/172 228/5/172 232/14/172
f 226/13/173 225/1/173 227/4/173 228/5/173
f 230/11/174 229/10/174 225/1/174 226/13/174
f 233/1/175 237/2/175 239/3/175 235/4/175
f 236/5/176 235/4/176 239/6/176 240/7/176
f 240/8/177 239/9/177 237/10/177 238/11/177
f 238/12/178 234/13/178 236/5/178 240/14/178
f 234/13/179 233/1/179 235/4/179 236/5/179
f 238/11/180 237/10/180 233/1/180 234/13/180
f 241/1/181 245/2/181 247/3/181 243/4/181
f 244/5/182 243/4/182 247/6/182 248/7/182
f 248/8/183 247/9/183 245/10/183 246/11/183
f 246/12/184 242/13/184 244/5/184 248/14/184
f 242/13/185 241/1/185 243/4/185 244/5/185
f 246/11/186 245/10/186 241/1/186 242/13/186
f 249/1/187 253/2/187 255/3/187 251/4/187
f 252/5/188 251/4/188 255/6/188 256/7/188
f 256/8/189 255/9/189 253/10/189 254/11/189
f 254/12/190 250/13/190 252/5/190 256/14/190
f 250/13/191 249/1/191 251/4/191 252/5/191
f 254/11/192 253/10/192 249/1/192 250/13/192
f 257/1/193 261/2/193 263/3/193 259/4/193
f 260/5/194 259/4/194 263/6/194 264/7/194
f 264/8/195 263/9/195 261/10/195 262/11/195
f 262/12/196 258/13/196 260/5/196 264/14/196
f 258/13/197 257/1/197 259/4/197 260/5/197
f 262/11/198 261/10/198 257/1/198 258/13/198
f 265/1/199 269/2/199 271/3/199 267/4/199
f 268/5/200 267/4/200 271/6/200 272/7/200
f 272/8/201 271/9/201 269/10/201 270/11/201
f 270/12/202 266/13/202 268/5/202 272/14/202
f 266/13/203 265/1/203 267/4/203 268/5/203
f 270/11/204 269/10/204 265/1/204 266/13/204
