# Blender 3.6.2
# www.blender.org
mtllib tree.mtl
o Cube
v -0.004789 -0.948368 1.129988
v -0.003989 -0.986174 1.083404
v 0.041795 -0.977334 1.154296
v 0.042595 -1.015141 1.107712
v -0.042595 -0.984859 1.158955
v -0.041795 -1.022666 1.112371
v 0.003989 -1.013826 1.183263
v 0.004789 -1.051632 1.136679
v -0.250918 -1.007248 1.093733
v -0.290107 -1.050853 1.106494
v -0.263679 -0.980510 1.145908
v -0.302868 -1.024116 1.158669
v -0.294523 -0.975884 1.066995
v -0.333712 -1.019490 1.079756
v -0.307284 -0.949147 1.119170
v -0.346473 -0.992752 1.131931
v -0.585468 -0.951141 1.022365
v -0.575399 -1.000330 0.989516
v -0.552619 -0.974201 1.066965
v -0.542550 -1.023390 1.034115
v -0.634657 -0.976610 1.045425
v -0.624588 -1.025799 1.012576
v -0.601808 -0.999670 1.090025
v -0.591739 -1.048859 1.057176
v -0.845304 -0.949454 0.875214
v -0.837951 -0.994260 0.835992
v -0.806082 -0.975546 0.912373
v -0.798729 -1.020352 0.873151
v -0.890110 -0.979648 0.901306
v -0.882757 -1.024454 0.862084
v -0.850888 -1.005740 0.938465
v -0.843534 -1.050546 0.899243
v -0.986400 -1.032315 0.617386
v -1.046398 -1.032797 0.617408
v -0.986421 -1.026962 0.677147
v -1.046419 -1.027444 0.677169
v -0.986881 -0.972556 0.612034
v -1.046879 -0.973038 0.612055
v -0.986903 -0.967203 0.671794
v -1.046901 -0.967685 0.671816
v -1.106751 -0.948636 0.351475
v -1.102864 -0.989443 0.307661
v -1.062936 -0.976622 0.381427
v -1.059050 -1.017429 0.337613
v -1.147557 -0.982571 0.379461
v -1.143671 -1.023378 0.335647
v -1.103743 -1.010557 0.409413
v -1.099857 -1.051364 0.365598
v -1.095645 -1.032765 0.043924
v -1.154341 -1.044931 0.046508
v -1.098229 -1.008641 0.098800
v -1.156926 -1.020808 0.101384
v -1.107811 -0.979192 0.019800
v -1.166508 -0.991359 0.022384
v -1.110395 -0.955069 0.074676
v -1.169092 -0.967235 0.077260
v -1.075030 -1.020239 -0.253758
v -1.125498 -1.051363 -0.244577
v -1.084212 -0.990260 -0.202602
v -1.134680 -1.021385 -0.193420
v -1.106155 -0.978615 -0.283737
v -1.156622 -1.009740 -0.274556
v -1.115336 -0.948636 -0.232581
v -1.165804 -0.979761 -0.223399
v -1.047666 -0.956112 -0.556439
v -1.036959 -1.011596 -0.576613
v -1.027492 -0.971942 -0.502195
v -1.016786 -1.027426 -0.522368
v -1.103149 -0.972574 -0.540609
v -1.092443 -1.028058 -0.560782
v -1.082976 -0.988404 -0.486365
v -1.072269 -1.043888 -0.506538
v -0.908621 -0.959204 -0.824914
v -0.899429 -1.016743 -0.839225
v -0.894311 -0.971105 -0.767874
v -0.885119 -1.028643 -0.782184
v -0.966160 -0.971357 -0.813014
v -0.956968 -1.028895 -0.827324
v -0.951850 -0.983257 -0.755973
v -0.942657 -1.040796 -0.770284
v -0.667340 -1.034160 -1.012893
v -0.727282 -1.036783 -1.012622
v -0.667612 -1.021890 -0.954161
v -0.727554 -1.024514 -0.953890
v -0.669964 -0.975486 -1.025162
v -0.729906 -0.978110 -1.024891
v -0.670235 -0.963217 -0.966430
v -0.730177 -0.965840 -0.966159
v -0.376287 -1.027477 -1.105756
v -0.431889 -1.049261 -1.099930
v -0.382113 -0.998624 -1.053472
v -0.437715 -1.020408 -1.047647
v -0.398071 -0.979592 -1.134609
v -0.453672 -1.001376 -1.128783
v -0.403897 -0.950739 -1.082325
v -0.459498 -0.972523 -1.076499
v -0.075141 -1.018498 -1.145471
v -0.124236 -1.051554 -1.135626
v -0.084986 -0.988654 -1.094359
v -0.134081 -1.021710 -1.084514
v -0.108197 -0.978290 -1.175315
v -0.157293 -1.011346 -1.165470
v -0.118042 -0.948446 -1.124203
v -0.167137 -0.981502 -1.114358
v 0.177698 -0.953641 -1.102725
v 0.145305 -0.968418 -1.151020
v 0.225992 -0.979492 -1.127208
v 0.193600 -0.994270 -1.175502
v 0.162920 -1.005730 -1.076874
v 0.130528 -1.020508 -1.125168
v 0.211215 -1.031582 -1.101357
v 0.178822 -1.046359 -1.149651
v 0.503981 -1.033047 -1.103451
v 0.443989 -1.034010 -1.103390
v 0.503920 -1.025506 -1.043927
v 0.443928 -1.026469 -1.043866
v 0.503018 -0.973531 -1.110992
v 0.443026 -0.974494 -1.110931
v 0.502957 -0.965990 -1.051468
v 0.442965 -0.966953 -1.051407
v 0.795156 -0.999911 -0.982342
v 0.763218 -1.048939 -0.969067
v 0.781881 -0.976718 -0.928622
v 0.749943 -1.025746 -0.915347
v 0.746128 -0.974254 -1.005535
v 0.714190 -1.023282 -0.992260
v 0.732853 -0.951060 -0.951815
v 0.700915 -1.000089 -0.938540
v 0.995188 -1.032740 -0.767381
v 0.936505 -1.044967 -0.764778
v 0.992585 -1.008571 -0.712525
v 0.933902 -1.020798 -0.709922
v 0.982960 -0.979202 -0.791550
v 0.924277 -0.991429 -0.788947
v 0.980358 -0.955033 -0.736694
v 0.921674 -0.967260 -0.734091
v 1.071331 -0.948349 -0.479386
v 1.071599 -0.985672 -0.526364
v 1.118308 -0.977441 -0.456004
v 1.118577 -1.014765 -0.502982
v 1.034008 -0.985235 -0.450294
v 1.034276 -1.022559 -0.497271
v 1.080985 -1.014328 -0.426912
v 1.081254 -1.051651 -0.473889
v 1.166309 -1.029058 -0.196466
v 1.109722 -1.048380 -0.191514
v 1.161358 -1.001023 -0.143650
v 1.104771 -1.020345 -0.138699
v 1.146988 -0.979655 -0.224501
v 1.090400 -0.998977 -0.219550
v 1.142036 -0.951620 -0.171685
v 1.085449 -0.970942 -0.166734
v 1.160422 -1.031917 0.090021
v 1.100423 -1.032226 0.090032
v 1.160411 -1.027619 0.149867
v 1.100412 -1.027928 0.149878
v 1.160113 -0.972072 0.085723
v 1.100113 -0.972381 0.085734
v 1.160101 -0.967774 0.145569
v 1.100102 -0.968083 0.145580
v 1.125655 -0.973979 0.384884
v 1.121564 -1.033731 0.388487
v 1.122052 -0.970128 0.444652
v 1.117961 -1.029880 0.448255
v 1.065903 -0.970120 0.381033
v 1.061812 -1.029872 0.384636
v 1.062300 -0.966269 0.440801
v 1.058209 -1.026021 0.444404
v 1.008392 -0.959239 0.668599
v 1.017563 -1.016796 0.654348
v 1.022643 -0.971097 0.725663
v 1.031814 -1.028654 0.711412
v 0.950835 -0.971346 0.680457
v 0.960006 -1.028903 0.666206
v 0.965086 -0.983204 0.737521
v 0.974257 -1.040761 0.723270
v 0.821355 -0.962044 0.895114
v 0.828539 -1.020815 0.885395
v 0.831074 -0.970546 0.953708
v 0.838258 -1.029316 0.943990
v 0.762585 -0.970634 0.903615
v 0.769769 -1.029404 0.893897
v 0.772303 -0.979135 0.962209
v 0.779487 -1.037906 0.952491
v 0.528938 -0.946836 1.056906
v 0.527709 -0.982838 1.008924
v 0.576921 -0.976229 1.077732
v 0.575692 -1.012231 1.029749
v 0.492936 -0.984781 1.086300
v 0.491707 -1.020783 1.038317
v 0.540919 -1.014174 1.107125
v 0.539690 -1.050177 1.059143
v 0.287810 -0.992702 1.091750
v 0.255555 -1.041521 1.105028
v 0.274533 -0.969338 1.145396
v 0.242277 -1.018157 1.158673
v 0.238991 -0.966801 1.068387
v 0.206736 -1.015620 1.081664
v 0.225714 -0.943437 1.122032
v 0.193458 -0.992256 1.135310
v -0.064493 -0.927867 1.117519
v -0.073822 -0.957469 1.066171
v -0.013144 -0.957865 1.125484
v -0.022473 -0.987466 1.074135
v -0.094095 -0.970574 1.147517
v -0.103423 -1.000176 1.096168
v -0.042746 -1.000572 1.155482
v -0.052074 -1.030173 1.104133
v -0.311760 -0.987381 1.039402
v -0.368991 -1.004872 1.043718
v -0.316076 -0.960114 1.092674
v -0.373307 -0.977605 1.096990
v -0.329251 -0.936878 1.012135
v -0.386482 -0.954369 1.016451
v -0.333567 -0.909611 1.065406
v -0.390798 -0.927102 1.069722
v -0.591536 -0.966016 0.908604
v -0.651496 -0.968196 0.908810
v -0.591742 -0.954787 0.967544
v -0.651702 -0.956967 0.967750
v -0.593717 -0.907116 0.897375
v -0.653677 -0.909297 0.897581
v -0.593923 -0.895887 0.956315
v -0.653883 -0.898068 0.956521
v -0.845261 -0.861685 0.742717
v -0.862087 -0.886071 0.690542
v -0.793086 -0.891155 0.739665
v -0.809912 -0.915541 0.687490
v -0.869647 -0.907911 0.772187
v -0.886473 -0.932297 0.720012
v -0.817472 -0.937381 0.769135
v -0.834298 -0.961767 0.716960
v -0.939169 -0.933238 0.434473
v -0.999166 -0.933818 0.434501
v -0.939197 -0.927368 0.494185
v -0.999194 -0.927948 0.494213
v -0.939749 -0.873529 0.428603
v -0.999746 -0.874109 0.428631
v -0.939777 -0.867659 0.488315
v -0.999774 -0.868239 0.488343
v -0.979011 -0.888573 0.144978
v -1.008421 -0.939184 0.158154
v -0.992187 -0.866775 0.199303
v -1.021597 -0.917385 0.212479
v -1.029622 -0.864838 0.123179
v -1.059032 -0.915449 0.136355
v -1.042798 -0.843040 0.177504
v -1.072208 -0.893651 0.190680
v -1.028896 -0.828793 -0.107279
v -1.061773 -0.843291 -0.155330
v -0.980845 -0.854477 -0.132407
v -1.013722 -0.868975 -0.180458
v -1.043393 -0.881044 -0.081595
v -1.076271 -0.895541 -0.129646
v -0.995342 -0.906728 -0.106723
v -1.028220 -0.921226 -0.154774
v -0.933196 -0.867732 -0.441102
v -0.980911 -0.902579 -0.430665
v -0.943633 -0.838126 -0.389969
v -0.991348 -0.872973 -0.379532
v -0.968042 -0.828884 -0.470707
v -1.015758 -0.863730 -0.460271
v -0.978479 -0.799278 -0.419575
v -1.026195 -0.834124 -0.409138
v -0.862282 -0.773667 -0.690147
v -0.869816 -0.804602 -0.741002
v -0.811427 -0.803652 -0.679440
v -0.818961 -0.834588 -0.730295
v -0.893217 -0.815427 -0.660161
v -0.900751 -0.846362 -0.711016
v -0.842362 -0.845412 -0.649455
v -0.849896 -0.876347 -0.700310
v -0.593054 -0.794894 -0.920395
v -0.611974 -0.850711 -0.909150
v -0.604300 -0.779614 -0.863473
v -0.623220 -0.835432 -0.852228
v -0.648872 -0.779052 -0.935675
v -0.667792 -0.834870 -0.924429
v -0.660117 -0.763773 -0.878753
v -0.679037 -0.819590 -0.867508
v -0.361863 -0.745959 -0.995349
v -0.365702 -0.779780 -1.044760
v -0.312452 -0.775715 -0.978822
v -0.316291 -0.809535 -1.028232
v -0.395683 -0.785592 -0.965594
v -0.399523 -0.819413 -1.015004
v -0.346273 -0.815348 -0.949066
v -0.350112 -0.849168 -0.998477
v -0.011527 -0.797319 -1.049884
v -0.054180 -0.837755 -1.037819
v -0.023592 -0.769193 -0.998277
v -0.066246 -0.809629 -0.986211
v -0.051964 -0.763058 -1.078010
v -0.094617 -0.803495 -1.065945
v -0.064029 -0.734932 -1.026403
v -0.106682 -0.775369 -1.014337
v 0.277080 -0.798715 -1.033527
v 0.218909 -0.813051 -1.030262
v 0.273815 -0.773129 -0.979354
v 0.215644 -0.787465 -0.976089
v 0.262744 -0.746372 -1.059113
v 0.204573 -0.760708 -1.055848
v 0.259478 -0.720785 -1.004941
v 0.201308 -0.735122 -1.001675
v 0.561412 -0.775714 -0.965302
v 0.501724 -0.781751 -0.964370
v 0.560480 -0.757664 -0.908089
v 0.500792 -0.763701 -0.907156
v 0.555375 -0.718812 -0.983351
v 0.495687 -0.724850 -0.982419
v 0.554443 -0.700763 -0.926138
v 0.494755 -0.706800 -0.925206
v 0.816698 -0.748866 -0.802631
v 0.758550 -0.763287 -0.799339
v 0.813406 -0.723229 -0.748485
v 0.755257 -0.737650 -0.745192
v 0.802277 -0.696572 -0.828269
v 0.744129 -0.710992 -0.824977
v 0.798985 -0.670934 -0.774122
v 0.740837 -0.685355 -0.770830
v 0.988629 -0.706406 -0.558534
v 0.953514 -0.753232 -0.545335
v 0.975430 -0.681569 -0.505535
v 0.940315 -0.728395 -0.492336
v 0.941803 -0.678291 -0.583371
v 0.906688 -0.725117 -0.570172
v 0.928604 -0.653454 -0.530372
v 0.893489 -0.700280 -0.517173
v 1.063319 -0.708342 -0.265472
v 1.017763 -0.745739 -0.254243
v 1.052090 -0.679268 -0.214202
v 1.006534 -0.716666 -0.202973
v 1.025922 -0.671516 -0.294546
v 0.980366 -0.708913 -0.283317
v 1.014693 -0.642442 -0.243276
v 0.969137 -0.679839 -0.232047
v 1.029259 -0.632253 0.069181
v 1.003309 -0.650853 0.018381
v 1.080059 -0.660002 0.053391
v 1.054109 -0.678602 0.002591
v 1.010659 -0.682093 0.096931
v 0.984709 -0.700692 0.046131
v 1.061459 -0.709842 0.081141
v 1.035509 -0.728442 0.030341
v 1.021792 -0.621415 0.317125
v 1.027883 -0.680597 0.309357
v 1.029560 -0.628371 0.376212
v 1.035651 -0.687553 0.368444
v 0.962610 -0.628419 0.324081
v 0.968701 -0.687601 0.316313
v 0.970378 -0.635374 0.383168
v 0.976468 -0.694557 0.375400
v 0.901487 -0.587206 0.653018
v 0.863273 -0.598676 0.608206
v 0.946299 -0.610800 0.620843
v 0.908085 -0.622270 0.576031
v 0.890017 -0.641167 0.676611
v 0.851803 -0.652637 0.631799
v 0.934829 -0.664761 0.644436
v 0.896615 -0.676231 0.599624
v 0.730900 -0.577545 0.819969
v 0.734131 -0.637348 0.816339
v 0.734530 -0.580978 0.879761
v 0.737761 -0.640781 0.876130
v 0.671097 -0.580984 0.823403
v 0.674328 -0.640787 0.819772
v 0.674727 -0.584418 0.883194
v 0.677958 -0.644221 0.879564
v 0.432107 -0.548880 0.965801
v 0.437822 -0.591679 0.924140
v 0.473767 -0.576013 0.999390
v 0.479482 -0.618812 0.957730
v 0.389308 -0.581006 0.992933
v 0.395023 -0.623805 0.951273
v 0.430968 -0.608138 1.026523
v 0.436683 -0.650937 0.984863
v 0.186594 -0.596505 0.999068
v 0.147648 -0.640317 1.011867
v 0.173795 -0.569874 1.051289
v 0.134850 -0.613686 1.064087
v 0.142782 -0.565340 0.972437
v 0.103836 -0.609151 0.985235
v 0.129983 -0.538708 1.024657
v 0.091038 -0.582520 1.037456
v -0.114545 -0.561249 0.969527
v -0.136361 -0.615833 0.981555
v -0.126573 -0.544055 1.025738
v -0.148389 -0.598639 1.037766
v -0.169129 -0.543222 0.952333
v -0.190945 -0.597806 0.964361
v -0.181157 -0.526028 1.008544
v -0.202973 -0.580612 1.020572
v -0.405841 -0.577329 0.886514
v -0.464770 -0.588389 0.888767
v -0.408094 -0.554064 0.941774
v -0.467023 -0.565124 0.944027
v -0.416900 -0.523140 0.863249
v -0.475829 -0.534200 0.865502
v -0.419153 -0.499875 0.918509
v -0.478082 -0.510935 0.920762
v -0.662682 -0.480959 0.703483
v -0.655986 -0.539929 0.694668
v -0.653868 -0.488752 0.762318
v -0.647172 -0.547722 0.753504
v -0.721652 -0.488820 0.711276
v -0.714956 -0.547790 0.702462
v -0.712838 -0.496613 0.770111
v -0.706142 -0.555583 0.761297
v -0.799619 -0.498075 0.458508
v -0.826186 -0.550304 0.471404
v -0.812515 -0.477929 0.513534
v -0.839082 -0.530158 0.526430
v -0.851848 -0.476482 0.438362
v -0.878415 -0.528711 0.451258
v -0.864744 -0.456336 0.493388
v -0.891311 -0.508565 0.506284
v -0.873677 -0.493635 0.171871
v -0.906341 -0.542182 0.185149
v -0.886955 -0.470055 0.225422
v -0.919619 -0.518602 0.238700
v -0.922224 -0.467421 0.148291
v -0.954888 -0.515967 0.161569
v -0.935502 -0.443841 0.201842
v -0.968166 -0.492387 0.215120
v -0.934065 -0.426681 -0.089039
v -0.955076 -0.448350 -0.140894
v -0.882210 -0.455501 -0.098007
v -0.903221 -0.477170 -0.149862
v -0.955734 -0.474638 -0.060219
v -0.976745 -0.496307 -0.112074
v -0.903879 -0.503458 -0.069187
v -0.924890 -0.525127 -0.121042
v -0.834738 -0.477598 -0.412532
v -0.891096 -0.497526 -0.407367
v -0.839902 -0.449340 -0.359856
v -0.896260 -0.469267 -0.354691
v -0.854665 -0.428564 -0.440790
v -0.911023 -0.448492 -0.435626
v -0.859830 -0.400306 -0.388114
v -0.916188 -0.420233 -0.382950
v -0.693922 -0.407186 -0.686256
v -0.711394 -0.463564 -0.675478
v -0.704700 -0.392897 -0.628988
v -0.722173 -0.449275 -0.618210
v -0.750300 -0.392445 -0.700546
v -0.767773 -0.448823 -0.689767
v -0.761079 -0.378156 -0.643277
v -0.778551 -0.434534 -0.632499
v -0.504277 -0.352534 -0.834942
v -0.508034 -0.386421 -0.884313
v -0.454905 -0.382281 -0.818281
v -0.458662 -0.416168 -0.867652
v -0.538164 -0.392116 -0.805194
v -0.541921 -0.426003 -0.854566
v -0.488793 -0.421863 -0.788534
v -0.492550 -0.455750 -0.837905
v -0.179771 -0.428005 -0.940973
v -0.239692 -0.431059 -0.940633
v -0.180110 -0.414818 -0.882442
v -0.240032 -0.417871 -0.882102
v -0.182824 -0.369552 -0.954161
v -0.242746 -0.372606 -0.953821
v -0.183164 -0.356364 -0.895629
v -0.243086 -0.359418 -0.895289
v 0.082481 -0.328167 -0.914623
v 0.061158 -0.349638 -0.966434
v 0.134291 -0.356929 -0.924027
v 0.112968 -0.378401 -0.975837
v 0.061009 -0.376248 -0.885861
v 0.039686 -0.397719 -0.937672
v 0.112820 -0.405010 -0.895265
v 0.091497 -0.426481 -0.947075
v 0.413705 -0.324078 -0.910685
v 0.410240 -0.383897 -0.907576
v 0.410597 -0.320789 -0.850856
v 0.407132 -0.380608 -0.847747
v 0.353886 -0.320784 -0.913973
v 0.350421 -0.380603 -0.910865
v 0.350777 -0.317495 -0.854144
v 0.347313 -0.377315 -0.851036
v 0.675475 -0.354022 -0.775726
v 0.615475 -0.354253 -0.775718
v 0.675468 -0.350300 -0.715841
v 0.615468 -0.350532 -0.715834
v 0.675243 -0.294138 -0.779447
v 0.615244 -0.294369 -0.779440
v 0.675236 -0.290416 -0.719563
v 0.615236 -0.290648 -0.719556
v 0.838255 -0.259238 -0.537954
v 0.849342 -0.313131 -0.561885
v 0.862187 -0.277381 -0.486010
v 0.873274 -0.331273 -0.509941
v 0.784363 -0.278381 -0.519811
v 0.795450 -0.332274 -0.543742
v 0.808294 -0.296524 -0.467867
v 0.819381 -0.350417 -0.491799
v 0.962776 -0.306640 -0.246705
v 0.918990 -0.345939 -0.234936
v 0.951007 -0.278118 -0.195246
v 0.907222 -0.317416 -0.183478
v 0.923477 -0.271397 -0.275227
v 0.879692 -0.310695 -0.263458
v 0.911709 -0.242874 -0.223769
v 0.867923 -0.282173 -0.212000
v 0.964566 -0.251773 0.039041
v 0.961344 -0.311616 0.041953
v 0.961655 -0.248705 0.098892
v 0.958433 -0.308548 0.101803
v 0.904723 -0.248701 0.035973
v 0.901502 -0.308544 0.038884
v 0.901812 -0.245633 0.095824
v 0.898591 -0.305475 0.098735
v 0.909655 -0.216549 0.333933
v 0.915207 -0.275892 0.327037
v 0.916551 -0.222791 0.393207
v 0.922102 -0.282135 0.386312
v 0.850312 -0.222826 0.340175
v 0.855863 -0.282169 0.333280
v 0.857207 -0.229068 0.399450
v 0.862759 -0.288411 0.392554
v 0.801911 -0.211522 0.604759
v 0.782951 -0.267323 0.616017
v 0.790654 -0.196215 0.661671
v 0.771693 -0.252016 0.672929
v 0.746110 -0.195649 0.589453
v 0.727150 -0.251450 0.600710
v 0.734852 -0.180342 0.646364
v 0.715892 -0.236143 0.657622
v 0.529260 -0.158258 0.842380
v 0.500000 -0.174871 0.792702
v 0.578938 -0.185106 0.822098
v 0.549677 -0.201718 0.772420
v 0.512648 -0.209280 0.869227
v 0.483387 -0.225893 0.819550
v 0.562325 -0.236128 0.848945
v 0.533065 -0.252740 0.799268
v 0.240346 -0.144504 0.919759
v 0.225298 -0.170083 0.867612
v 0.292493 -0.174177 0.919266
v 0.277445 -0.199755 0.867119
v 0.214767 -0.189950 0.949431
v 0.199720 -0.215528 0.897284
v 0.266914 -0.219622 0.948938
v 0.251867 -0.245201 0.896791
v -0.018399 -0.212626 0.890267
v -0.077996 -0.219471 0.891388
v -0.019520 -0.193551 0.947143
v -0.079117 -0.200396 0.948264
v -0.025244 -0.156152 0.871192
v -0.084842 -0.162997 0.872313
v -0.026365 -0.137077 0.928068
v -0.085963 -0.143922 0.929189
v -0.335828 -0.100868 0.813437
v -0.325875 -0.149810 0.780186
v -0.302577 -0.124132 0.857631
v -0.292624 -0.173074 0.824380
v -0.384770 -0.126627 0.836701
v -0.374817 -0.175568 0.803450
v -0.351519 -0.149890 0.880895
v -0.341566 -0.198832 0.847644
v -0.548897 -0.153329 0.648708
v -0.607750 -0.164758 0.651071
v -0.551259 -0.129768 0.703838
v -0.610113 -0.141197 0.706200
v -0.560326 -0.099345 0.625147
v -0.619180 -0.110775 0.627509
v -0.562689 -0.075784 0.680276
v -0.621542 -0.087213 0.682639
v -0.719403 -0.137587 0.397406
v -0.779278 -0.141438 0.397885
v -0.719883 -0.122883 0.455574
v -0.779757 -0.126734 0.456054
v -0.723254 -0.079544 0.382702
v -0.783128 -0.083395 0.383182
v -0.723734 -0.064840 0.440870
v -0.783608 -0.068691 0.441350
v -0.794825 -0.125294 0.107137
v -0.854770 -0.127856 0.107399
v -0.795087 -0.113165 0.165898
v -0.855031 -0.115726 0.166160
v -0.797386 -0.066589 0.095008
v -0.857331 -0.069150 0.095270
v -0.797648 -0.054460 0.153768
v -0.857593 -0.057021 0.154030
v -0.784241 -0.101382 -0.183859
v -0.842827 -0.114040 -0.181124
v -0.786976 -0.076903 -0.129148
v -0.845562 -0.089560 -0.126413
v -0.796898 -0.048086 -0.208338
v -0.855484 -0.060743 -0.205604
v -0.799633 -0.023606 -0.153628
v -0.858219 -0.036264 -0.150893
v -0.698110 -0.069517 -0.467843
v -0.756918 -0.081169 -0.465414
v -0.700539 -0.045782 -0.412790
v -0.759347 -0.057434 -0.410361
v -0.709762 -0.015657 -0.491577
v -0.768569 -0.027309 -0.489149
v -0.712191 0.008078 -0.436525
v -0.770998 -0.003574 -0.434096
v -0.496935 -0.015835 -0.697097
v -0.534460 -0.060815 -0.684109
v -0.509923 0.010157 -0.644602
v -0.547448 -0.034823 -0.631614
v -0.541916 0.014185 -0.723089
v -0.579440 -0.030796 -0.710102
v -0.554903 0.040177 -0.670594
v -0.592428 -0.004803 -0.657606
v -0.230147 -0.021527 -0.815052
v -0.283470 -0.047986 -0.807535
v -0.237664 0.008263 -0.763515
v -0.290987 -0.018196 -0.755998
v -0.256606 0.023333 -0.844842
v -0.309930 -0.003126 -0.837325
v -0.264123 0.053124 -0.793305
v -0.317446 0.026664 -0.785788
v 0.070401 0.008024 -0.850846
v 0.028291 -0.032939 -0.838650
v 0.058205 0.035949 -0.799159
v 0.016095 -0.005014 -0.786964
v 0.029438 0.041820 -0.878771
v -0.012673 0.000857 -0.866575
v 0.017242 0.069745 -0.827084
v -0.024868 0.028782 -0.814889
v 0.329523 0.090868 -0.813434
v 0.340098 0.035090 -0.832850
v 0.348940 0.075522 -0.758776
v 0.359514 0.019744 -0.778192
v 0.273746 0.074952 -0.798088
v 0.284320 0.019174 -0.817504
v 0.293162 0.059606 -0.743430
v 0.303736 0.003828 -0.762846
v 0.582990 0.122466 -0.622829
v 0.541900 0.112586 -0.665419
v 0.625581 0.100213 -0.658757
v 0.584491 0.090333 -0.701348
v 0.573110 0.067628 -0.600576
v 0.532020 0.057748 -0.643167
v 0.615701 0.045375 -0.636504
v 0.574611 0.035495 -0.679095
v 0.747194 0.148310 -0.405729
v 0.738932 0.117921 -0.456800
v 0.798265 0.118313 -0.396142
v 0.790003 0.087924 -0.447213
v 0.716805 0.106160 -0.375731
v 0.708543 0.075771 -0.426802
v 0.767876 0.076162 -0.366145
v 0.759614 0.045773 -0.417215
v 0.829994 0.158124 -0.139928
v 0.840084 0.108888 -0.172701
v 0.862766 0.135102 -0.095252
v 0.872856 0.085867 -0.128025
v 0.780758 0.132710 -0.116906
v 0.790848 0.083474 -0.149679
v 0.813531 0.109688 -0.072230
v 0.823621 0.060453 -0.105003
v 0.856936 0.099430 0.158899
v 0.798348 0.086779 0.161632
v 0.854203 0.123906 0.213612
v 0.795615 0.111254 0.216345
v 0.844284 0.152730 0.134424
v 0.785697 0.140079 0.137157
v 0.841551 0.177206 0.189136
v 0.782964 0.164554 0.191870
v 0.762844 0.130036 0.435588
v 0.702928 0.126886 0.435944
v 0.762488 0.143418 0.494075
v 0.702572 0.140268 0.494431
v 0.759694 0.188440 0.422206
v 0.699778 0.185290 0.422562
v 0.759338 0.201822 0.480694
v 0.699422 0.198672 0.481050
v 0.575097 0.212121 0.653006
v 0.566670 0.153081 0.659582
v 0.568521 0.219649 0.712168
v 0.560094 0.160609 0.718744
v 0.516057 0.219710 0.645478
v 0.507629 0.160670 0.652054
v 0.509481 0.227238 0.704640
v 0.501054 0.168198 0.711216
v 0.304905 0.220730 0.771236
v 0.291768 0.162891 0.780294
v 0.295847 0.231910 0.829485
v 0.282710 0.174071 0.838543
v 0.247066 0.232117 0.760056
v 0.233929 0.174278 0.769114
v 0.238008 0.243296 0.818306
v 0.224871 0.185457 0.827363
v -0.038643 0.272085 0.816617
v -0.046437 0.241346 0.765682
v 0.012292 0.242094 0.826922
v 0.004498 0.211355 0.775987
v -0.069382 0.230184 0.846608
v -0.077176 0.199445 0.795673
v -0.018447 0.200193 0.856912
v -0.026241 0.169454 0.805978
v -0.283380 0.219524 0.695954
v -0.343349 0.217601 0.696125
v -0.283550 0.230092 0.755016
v -0.343519 0.228169 0.755186
v -0.285303 0.278555 0.685386
v -0.345272 0.276632 0.685557
v -0.285473 0.289123 0.744448
v -0.345442 0.287200 0.744618
v -0.509398 0.251655 0.518203
v -0.568303 0.240474 0.520492
v -0.511687 0.275018 0.573421
v -0.570592 0.263837 0.575710
v -0.520579 0.305776 0.494840
v -0.579484 0.294595 0.497129
v -0.522868 0.329139 0.550057
v -0.581773 0.317958 0.552346
v -0.694100 0.352434 0.271190
v -0.692814 0.314178 0.224986
v -0.647896 0.323593 0.296357
v -0.646610 0.285336 0.250153
v -0.732357 0.316315 0.300031
v -0.731070 0.278058 0.253827
v -0.686153 0.287473 0.325198
v -0.684866 0.249217 0.278994
v -0.685323 0.309159 -0.037772
v -0.726340 0.267171 -0.025339
v -0.697756 0.336660 0.014085
v -0.738773 0.294672 0.026518
v -0.727311 0.342034 -0.065273
v -0.768328 0.300046 -0.052840
v -0.739744 0.369534 -0.013416
v -0.780761 0.327546 -0.000983
v -0.663304 0.396013 -0.335364
v -0.652743 0.340209 -0.354714
v -0.643954 0.380710 -0.280671
v -0.633392 0.324906 -0.300021
v -0.719108 0.380145 -0.320061
v -0.708546 0.324341 -0.339411
v -0.699757 0.364841 -0.265367
v -0.689196 0.309038 -0.284718
v -0.497655 0.429293 -0.579545
v -0.487107 0.373462 -0.598826
v -0.478375 0.414034 -0.524815
v -0.467826 0.358204 -0.544095
v -0.553486 0.413475 -0.564287
v -0.542937 0.357645 -0.583568
v -0.534205 0.398217 -0.509556
v -0.523656 0.342387 -0.528837
v -0.215067 0.368206 -0.714621
v -0.274247 0.358494 -0.712753
v -0.216935 0.390305 -0.658870
v -0.276114 0.380594 -0.657003
v -0.224779 0.423136 -0.736721
v -0.283959 0.413424 -0.734853
v -0.226647 0.445235 -0.680970
v -0.285826 0.435523 -0.679103
v 0.041729 0.468916 -0.713106
v 0.016299 0.450000 -0.764052
v 0.092675 0.441039 -0.728185
v 0.067245 0.422122 -0.779131
v 0.022812 0.419268 -0.685229
v -0.002618 0.400351 -0.736174
v 0.073758 0.391390 -0.700307
v 0.048328 0.372473 -0.751253
v 0.381080 0.453700 -0.687443
v 0.346927 0.406180 -0.674197
v 0.367834 0.478053 -0.634232
v 0.333681 0.430533 -0.620986
v 0.333561 0.481065 -0.711796
v 0.299408 0.433545 -0.698550
v 0.320315 0.505418 -0.658585
v 0.286162 0.457898 -0.645339
v 0.618729 0.480973 -0.510448
v 0.579946 0.437024 -0.497625
v 0.605906 0.507533 -0.458197
v 0.567123 0.463584 -0.445374
v 0.574780 0.512006 -0.537008
v 0.535997 0.468057 -0.524185
v 0.561957 0.538566 -0.484757
v 0.523175 0.494618 -0.471935
v 0.733446 0.533576 -0.255712
v 0.734024 0.473582 -0.256301
v 0.734035 0.532993 -0.195717
v 0.734613 0.472998 -0.196306
v 0.673452 0.532993 -0.255128
v 0.674029 0.472998 -0.255717
v 0.674041 0.532409 -0.195134
v 0.674618 0.472415 -0.195723
v 0.773220 0.497598 0.056059
v 0.718836 0.473174 0.062838
v 0.766441 0.527075 0.107877
v 0.712057 0.502652 0.114657
v 0.748796 0.543800 0.026582
v 0.694413 0.519376 0.033361
v 0.742017 0.573277 0.078400
v 0.687634 0.548853 0.085179
v 0.649542 0.610382 0.362063
v 0.641877 0.579546 0.311167
v 0.700438 0.580394 0.372567
v 0.692773 0.549557 0.321671
v 0.618706 0.568551 0.392051
v 0.611041 0.537715 0.341156
v 0.669601 0.538563 0.402555
v 0.661936 0.507726 0.351660
v 0.486684 0.631326 0.560186
v 0.496421 0.574316 0.544214
v 0.502656 0.618270 0.616528
v 0.512392 0.561260 0.600557
v 0.429675 0.617932 0.573242
v 0.439411 0.560922 0.557271
v 0.445646 0.604875 0.629584
v 0.455382 0.547865 0.613613
v 0.229636 0.572820 0.678399
v 0.169636 0.572595 0.678406
v 0.229629 0.576491 0.738286
v 0.169629 0.576266 0.738293
v 0.229410 0.632708 0.674728
v 0.169411 0.632482 0.674735
v 0.229404 0.636379 0.734615
v 0.169404 0.636153 0.734622
v -0.064570 0.594886 0.672144
v -0.124509 0.592195 0.672425
v -0.064852 0.607303 0.730844
v -0.124791 0.604612 0.731126
v -0.067261 0.653525 0.659727
v -0.127200 0.650835 0.660008
v -0.067542 0.665942 0.718427
v -0.127481 0.663252 0.718709
v -0.310114 0.672477 0.533663
v -0.338198 0.621091 0.546730
v -0.323181 0.693516 0.588313
v -0.351265 0.642129 0.601380
v -0.361500 0.695211 0.512624
v -0.389584 0.643825 0.525691
v -0.374567 0.716250 0.567274
v -0.402651 0.664863 0.580341
v -0.513082 0.722206 0.299197
v -0.516246 0.662358 0.302061
v -0.515946 0.725222 0.359052
v -0.519110 0.665373 0.361916
v -0.572930 0.725225 0.296181
v -0.576094 0.665377 0.299045
v -0.575794 0.728241 0.356036
v -0.578958 0.668393 0.358900
v -0.596813 0.737568 0.015212
v -0.602034 0.677962 0.019663
v -0.601264 0.742411 0.074850
v -0.606485 0.682805 0.079301
v -0.656420 0.742427 0.010369
v -0.661640 0.682821 0.014820
v -0.660870 0.747270 0.070007
v -0.666091 0.687664 0.074458
v -0.542773 0.723037 -0.260593
v -0.598278 0.701030 -0.254687
v -0.548679 0.751952 -0.208353
v -0.604184 0.729945 -0.202447
v -0.564780 0.770782 -0.289509
v -0.620285 0.748775 -0.283603
v -0.570686 0.799697 -0.237269
v -0.626191 0.777690 -0.231363
v -0.395965 0.829445 -0.511291
v -0.386364 0.772290 -0.526820
v -0.380436 0.816692 -0.454756
v -0.370835 0.759538 -0.470285
v -0.453120 0.816379 -0.498539
v -0.443519 0.759224 -0.514068
v -0.437591 0.803626 -0.442004
v -0.427990 0.746472 -0.457533
v -0.152317 0.857030 -0.614569
v -0.156057 0.823129 -0.663932
v -0.102953 0.827284 -0.597882
v -0.106694 0.793384 -0.647245
v -0.186217 0.817457 -0.584823
v -0.189958 0.783557 -0.634187
v -0.136854 0.787712 -0.568136
v -0.140594 0.753811 -0.617500
v 0.152622 0.883890 -0.633738
v 0.162922 0.834170 -0.665704
v 0.184589 0.861281 -0.588273
v 0.194889 0.811562 -0.620240
v 0.102903 0.859054 -0.611129
v 0.113203 0.809334 -0.643096
v 0.134869 0.836445 -0.565665
v 0.145169 0.786726 -0.597632
v 0.405738 0.928841 -0.478544
v 0.397322 0.898566 -0.529658
v 0.456852 0.898842 -0.469191
v 0.448436 0.868567 -0.520305
v 0.375463 0.886609 -0.448545
v 0.367047 0.856334 -0.499659
v 0.426577 0.856610 -0.439193
v 0.418161 0.826335 -0.490306
v 0.631308 0.882991 -0.260435
v 0.583462 0.848308 -0.250051
v 0.620924 0.912623 -0.209307
v 0.573078 0.877940 -0.198923
v 0.596625 0.921965 -0.290067
v 0.548779 0.887282 -0.279683
v 0.586241 0.951598 -0.238939
v 0.538395 0.916915 -0.228555
v 0.663390 0.887499 0.025727
v 0.603501 0.883869 0.026167
v 0.662950 0.901804 0.083995
v 0.603062 0.898174 0.084435
v 0.659759 0.945655 0.011422
v 0.599871 0.942025 0.011861
v 0.659320 0.959961 0.069690
v 0.599431 0.956330 0.070129
v 0.590257 0.964824 0.306321
v 0.559067 0.915313 0.319581
v 0.576996 0.987613 0.360217
v 0.545806 0.938102 0.373478
v 0.540745 0.989911 0.283532
v 0.509556 0.940400 0.296793
v 0.527485 1.012699 0.337429
v 0.496295 0.963188 0.350689
v 0.376246 1.012297 0.510400
v 0.363296 0.954403 0.519372
v 0.367274 1.023338 0.568689
v 0.354323 0.965443 0.577661
v 0.318352 1.023537 0.499359
v 0.305401 0.965642 0.508332
v 0.309379 1.034577 0.557648
v 0.296429 0.976683 0.566621
v 0.098467 1.017630 0.595050
v 0.071148 0.965813 0.608037
v 0.085480 1.038221 0.649889
v 0.058161 0.986404 0.662877
v 0.046650 1.039788 0.574459
v 0.019331 0.987970 0.587446
v 0.033663 1.060379 0.629298
v 0.006344 1.008562 0.642285
v -0.217314 1.098875 0.546386
v -0.258653 1.089131 0.504004
v -0.174933 1.076746 0.510135
v -0.216271 1.067002 0.467754
v -0.227058 1.043963 0.568515
v -0.268397 1.034219 0.526133
v -0.184677 1.021834 0.532264
v -0.226015 1.012090 0.489883
v -0.396449 1.059864 0.277624
v -0.456447 1.059399 0.277644
v -0.396469 1.065129 0.337392
v -0.456468 1.064664 0.337413
v -0.396915 1.119631 0.272358
v -0.456913 1.119165 0.272379
v -0.396935 1.124896 0.332127
v -0.456933 1.124431 0.332147
v -0.492425 1.131431 0.000749
v -0.505057 1.073443 0.009574
v -0.501249 1.142233 0.059105
v -0.513882 1.084246 0.067930
v -0.550412 1.142419 -0.010053
v -0.563045 1.084432 -0.001229
v -0.559237 1.153222 0.048303
v -0.571869 1.095235 0.057127
v -0.423004 1.127160 -0.271265
v -0.482530 1.119739 -0.270003
v -0.424266 1.146914 -0.214624
v -0.483792 1.139492 -0.213362
v -0.430425 1.183327 -0.291018
v -0.489951 1.175906 -0.289756
v -0.431687 1.203081 -0.234377
v -0.491213 1.195659 -0.233115
v -0.222034 1.230269 -0.489281
v -0.218256 1.170546 -0.493622
v -0.217693 1.226204 -0.429576
v -0.213915 1.166481 -0.433917
v -0.281758 1.226195 -0.485216
v -0.277979 1.166471 -0.489557
v -0.277417 1.222130 -0.425511
v -0.273638 1.162406 -0.429852
v 0.075768 1.191104 -0.546743
v 0.018268 1.174447 -0.542711
v 0.071736 1.217973 -0.493248
v 0.014235 1.201316 -0.489215
v 0.059111 1.242100 -0.573612
v 0.001611 1.225443 -0.569580
v 0.055079 1.268969 -0.520117
v -0.002421 1.252312 -0.516085
v 0.342262 1.239153 -0.436761
v 0.283442 1.227559 -0.434350
v 0.339850 1.262843 -0.381689
v 0.281031 1.251249 -0.379277
v 0.330668 1.293045 -0.460452
v 0.271848 1.281451 -0.458040
v 0.328256 1.316735 -0.405380
v 0.269436 1.305141 -0.402968
v 0.533879 1.276246 -0.203980
v 0.480492 1.249903 -0.196505
v 0.526404 1.306022 -0.152429
v 0.473017 1.279679 -0.144954
v 0.507535 1.321184 -0.233756
v 0.454148 1.294841 -0.226281
v 0.500060 1.350960 -0.182205
v 0.446673 1.324617 -0.174730
v 0.516009 1.383717 0.097538
v 0.517012 1.345723 0.051111
v 0.562436 1.354801 0.122204
v 0.563439 1.316808 0.075777
v 0.478015 1.347380 0.126454
v 0.479019 1.309386 0.080027
v 0.524442 1.318464 0.151120
v 0.525446 1.280471 0.104693
v 0.372125 1.433132 0.353899
v 0.371551 1.396559 0.306338
v 0.419687 1.403861 0.375833
v 0.419112 1.367288 0.328272
v 0.335552 1.395640 0.383170
v 0.334978 1.359068 0.335609
v 0.383114 1.366369 0.405104
v 0.382540 1.329797 0.357543
v 0.172479 1.387599 0.494374
v 0.124140 1.353543 0.504552
v 0.162301 1.417323 0.545490
v 0.113962 1.383268 0.555668
v 0.138424 1.427053 0.464650
v 0.090085 1.392998 0.474828
v 0.128246 1.456778 0.515766
v 0.079907 1.422723 0.525944
v -0.130083 1.490386 0.409334
v -0.121627 1.432297 0.396918
v -0.117666 1.479849 0.467082
v -0.109211 1.421760 0.454666
v -0.188172 1.479678 0.419870
v -0.179716 1.421589 0.407454
v -0.175756 1.469141 0.477618
v -0.167300 1.411052 0.465202
v -0.307162 1.463905 0.202849
v -0.364318 1.446189 0.207243
v -0.311555 1.491274 0.256062
v -0.368711 1.473558 0.260455
v -0.324878 1.514274 0.175480
v -0.382034 1.496558 0.179873
v -0.329271 1.541643 0.228693
v -0.386427 1.523927 0.233086
v -0.381047 1.506362 -0.073469
v -0.432702 1.477055 -0.064928
v -0.389588 1.536354 -0.022209
v -0.441243 1.507047 -0.013668
v -0.410354 1.549276 -0.103461
v -0.462008 1.519969 -0.094920
v -0.418895 1.579268 -0.052201
v -0.470549 1.549961 -0.043660
v -0.234512 1.552472 -0.324079
v -0.294468 1.550188 -0.323859
v -0.234733 1.563954 -0.265188
v -0.294689 1.561670 -0.264968
v -0.236796 1.611319 -0.335561
v -0.296753 1.609035 -0.335340
v -0.237017 1.622801 -0.276670
v -0.296973 1.620517 -0.276449
v 0.040529 1.618687 -0.455937
v 0.011517 1.567840 -0.442790
v 0.027382 1.640260 -0.401515
v -0.001630 1.589413 -0.388368
v -0.010318 1.642121 -0.477510
v -0.039330 1.591274 -0.464362
v -0.023465 1.663694 -0.423088
v -0.052477 1.612847 -0.409940
v 0.289477 1.700019 -0.341013
v 0.282394 1.640715 -0.335280
v 0.283744 1.706444 -0.281634
v 0.276661 1.647140 -0.275901
v 0.230173 1.706482 -0.347437
v 0.223090 1.647178 -0.341705
v 0.224440 1.712906 -0.288058
v 0.217357 1.653602 -0.282326
v 0.466329 1.717891 -0.096569
v 0.445560 1.662843 -0.084801
v 0.454561 1.734402 -0.040098
v 0.433793 1.679355 -0.028331
v 0.411281 1.735129 -0.113080
v 0.390513 1.680082 -0.101312
v 0.399514 1.751641 -0.056610
v 0.378745 1.696593 -0.044842
v 0.399444 1.768434 0.179830
v 0.371536 1.716948 0.192880
v 0.386394 1.789370 0.234523
v 0.358486 1.737884 0.247573
v 0.347958 1.791035 0.158894
v 0.320050 1.739549 0.171944
v 0.334908 1.811972 0.213587
v 0.307000 1.760486 0.226637
v 0.146177 1.843933 0.370405
v 0.156165 1.787221 0.353554
v 0.163028 1.830279 0.426347
v 0.173016 1.773566 0.409496
v 0.089465 1.829888 0.384060
v 0.099452 1.773176 0.367208
v 0.106316 1.816233 0.440002
v 0.116304 1.759521 0.423151
v -0.091497 1.825394 0.288675
v -0.151487 1.824311 0.288747
v -0.091569 1.833381 0.348141
v -0.151560 1.832298 0.348213
v -0.092580 1.884850 0.280688
v -0.152570 1.883767 0.280760
v -0.092652 1.892837 0.340154
v -0.152642 1.891755 0.340226
v -0.274959 1.871496 0.052806
v -0.334959 1.871426 0.052807
v -0.274960 1.873540 0.112771
v -0.334960 1.873470 0.112773
v -0.275029 1.931461 0.050762
v -0.335028 1.931391 0.050763
v -0.275030 1.933505 0.110727
v -0.335030 1.933436 0.110728
v -0.185672 1.982773 -0.194244
v -0.209079 1.928931 -0.181869
v -0.198048 2.000982 -0.138429
v -0.221455 1.947140 -0.126054
v -0.239514 2.001995 -0.212453
v -0.262921 1.948153 -0.200078
v -0.251889 2.020204 -0.156638
v -0.275297 1.966362 -0.144263
v 0.049455 2.031707 -0.359499
v 0.031447 1.975532 -0.348542
v 0.038498 2.046365 -0.302358
v 0.020490 1.990190 -0.291401
v -0.006720 2.046856 -0.374157
v -0.024728 1.990681 -0.363200
v -0.017677 2.061514 -0.317016
v -0.035685 2.005339 -0.306059
v 0.236728 2.136497 -0.138542
v 0.201694 2.123235 -0.185412
v 0.283597 2.111601 -0.166533
v 0.248563 2.098339 -0.213402
v 0.223467 2.083541 -0.113646
v 0.188432 2.070279 -0.160516
v 0.270336 2.058645 -0.141637
v 0.235302 2.045383 -0.188506
v 0.294912 2.197867 0.083521
v 0.298880 2.156976 0.039793
v 0.338639 2.169914 0.113629
v 0.342608 2.129022 0.069901
v 0.254020 2.164007 0.111474
v 0.257988 2.123115 0.067746
v 0.297748 2.136054 0.141582
v 0.301716 2.095162 0.097854
v 0.085364 2.251418 0.311019
v 0.067589 2.227659 0.258870
v 0.137514 2.222074 0.306612
v 0.119738 2.198315 0.254463
v 0.061605 2.204787 0.340363
v 0.043830 2.181028 0.288214
v 0.113754 2.175443 0.335956
v 0.095979 2.151684 0.283807
v -0.094956 2.326674 0.168109
v -0.128004 2.312275 0.120146
v -0.046992 2.301049 0.142753
v -0.080041 2.286651 0.094790
v -0.109354 2.274366 0.193733
v -0.142403 2.259968 0.145770
v -0.061391 2.248742 0.168377
v -0.094440 2.234343 0.120414
v -0.067249 2.348644 -0.111329
v -0.125587 2.334959 -0.108273
v -0.070305 2.373820 -0.056952
v -0.128644 2.360135 -0.053896
v -0.080934 2.401360 -0.136505
v -0.139272 2.387675 -0.133448
v -0.083990 2.426535 -0.082128
v -0.142329 2.412850 -0.079072
v 0.117976 2.535516 -0.057537
v 0.081564 2.523035 -0.103563
v 0.164002 2.511163 -0.087346
v 0.127590 2.498682 -0.133371
v 0.105495 2.482120 -0.033184
v 0.069083 2.469639 -0.079210
v 0.151521 2.457767 -0.062992
v 0.115109 2.445286 -0.109018
v 0.107965 2.586253 0.119794
v 0.065191 2.545935 0.131830
v 0.095929 2.614423 0.171385
v 0.053156 2.574105 0.183421
v 0.067647 2.620617 0.091625
v 0.024873 2.580299 0.103660
v 0.055611 2.648787 0.143215
v 0.012838 2.608469 0.155251
v -0.011520 2.764556 -0.002830
v -0.000795 2.713648 -0.032720
v 0.018369 2.743041 0.044538
v 0.029094 2.692134 0.014648
v -0.062428 2.741199 0.018685
v -0.051703 2.690291 -0.011205
v -0.032538 2.719684 0.066053
v -0.021813 2.668777 0.036163
vn -0.0133 0.6301 0.7764
vn 0.7764 -0.4828 0.4051
vn -0.6301 -0.6082 0.4828
vn 0.0133 -0.6301 -0.7764
vn 0.6301 0.6082 -0.4828
vn -0.7764 0.4828 -0.4051
vn 0.6531 0.7268 -0.2127
vn -0.2127 0.4456 0.8696
vn -0.7268 0.5227 -0.4456
vn -0.6531 -0.7268 0.2127
vn 0.7268 -0.5227 0.4456
vn 0.2127 -0.4456 -0.8696
vn -0.1678 0.8198 0.5475
vn 0.5475 -0.3843 0.7433
vn -0.8198 -0.4245 0.3843
vn 0.1678 -0.8198 -0.5475
vn 0.8198 0.4245 -0.3843
vn -0.5475 0.3843 -0.7433
vn -0.1226 0.7468 0.6537
vn 0.6537 -0.4349 0.6193
vn -0.7468 -0.5032 0.4349
vn 0.1226 -0.7468 -0.6537
vn 0.7468 0.5032 -0.4349
vn -0.6537 0.4349 -0.6193
vn 1.0000 0.0080 -0.0004
vn -0.0004 0.0892 0.9960
vn -0.0080 0.9960 -0.0892
vn -1.0000 -0.0080 0.0004
vn 0.0080 -0.9960 0.0892
vn 0.0004 -0.0892 -0.9960
vn -0.0648 0.6801 0.7302
vn 0.7302 -0.4664 0.4992
vn -0.6801 -0.5656 0.4664
vn 0.0648 -0.6801 -0.7302
vn 0.6801 0.5656 -0.4664
vn -0.7302 0.4664 -0.4992
vn 0.9783 0.2028 -0.0431
vn -0.0431 0.4021 0.9146
vn -0.2028 0.8929 -0.4021
vn -0.9783 -0.2028 0.0431
vn 0.2028 -0.8929 0.4021
vn 0.0431 -0.4021 -0.9146
vn 0.8411 0.5187 -0.1530
vn -0.1530 0.4996 0.8526
vn -0.5187 0.6937 -0.4996
vn -0.8411 -0.5187 0.1530
vn 0.5187 -0.6937 0.4996
vn 0.1530 -0.4996 -0.8526
vn -0.1784 0.9247 0.3362
vn 0.3362 -0.2638 0.9041
vn -0.9247 -0.2744 0.2638
vn 0.1784 -0.9247 -0.3362
vn 0.9247 0.2744 -0.2638
vn -0.3362 0.2638 -0.9041
vn -0.1532 0.9590 0.2385
vn 0.2385 -0.1983 0.9507
vn -0.9590 -0.2025 0.1983
vn 0.1532 -0.9590 -0.2385
vn 0.9590 0.2025 -0.1983
vn -0.2385 0.1983 -0.9507
vn 0.9990 0.0437 -0.0045
vn -0.0045 0.2045 0.9789
vn -0.0437 0.9779 -0.2045
vn -0.9990 -0.0437 0.0045
vn 0.0437 -0.9779 0.2045
vn 0.0045 -0.2045 -0.9789
vn 0.9267 0.3631 -0.0971
vn -0.0971 0.4809 0.8714
vn -0.3631 0.7981 -0.4809
vn -0.9267 -0.3631 0.0971
vn 0.3631 -0.7981 0.4809
vn 0.0971 -0.4809 -0.8714
vn 0.8183 0.5509 -0.1641
vn -0.1641 0.4974 0.8519
vn -0.5509 0.6701 -0.4974
vn -0.8183 -0.5509 0.1641
vn 0.5509 -0.6701 0.4974
vn 0.1641 -0.4974 -0.8519
vn 0.5399 0.2463 0.8049
vn 0.8049 -0.4309 -0.4080
vn -0.2463 -0.8682 0.4309
vn -0.5399 -0.2463 -0.8049
vn 0.2463 0.8682 -0.4309
vn -0.8049 0.4309 0.4080
vn 0.9999 0.0161 -0.0010
vn -0.0010 0.1257 0.9921
vn -0.0161 0.9919 -0.1257
vn -0.9999 -0.0161 0.0010
vn 0.0161 -0.9919 0.1257
vn 0.0010 -0.1257 -0.9921
vn 0.5323 0.8171 -0.2213
vn -0.2213 0.3866 0.8953
vn -0.8171 0.4276 -0.3866
vn -0.5323 -0.8171 0.2213
vn 0.8171 -0.4276 0.3866
vn 0.2213 -0.3866 -0.8953
vn 0.9781 0.2038 -0.0434
vn -0.0434 0.4028 0.9143
vn -0.2038 0.8923 -0.4028
vn -0.9781 -0.2038 0.0434
vn 0.2038 -0.8923 0.4028
vn 0.0434 -0.4028 -0.9143
vn -0.0045 0.6221 0.7830
vn 0.7830 -0.4849 0.3897
vn -0.6221 -0.6148 0.4849
vn 0.0045 -0.6221 -0.7830
vn 0.6221 0.6148 -0.4849
vn -0.7830 0.4849 -0.3897
vn 0.9431 0.3220 -0.0825
vn -0.0825 0.4673 0.8803
vn -0.3220 0.8234 -0.4673
vn -0.9431 -0.3220 0.0825
vn 0.3220 -0.8234 0.4673
vn 0.0825 -0.4673 -0.8803
vn 1.0000 0.0052 -0.0002
vn -0.0002 0.0716 0.9974
vn -0.0052 0.9974 -0.0716
vn -1.0000 -0.0052 0.0002
vn 0.0052 -0.9974 0.0716
vn 0.0002 -0.0716 -0.9974
vn 0.0682 0.9959 -0.0601
vn -0.0601 0.0642 0.9961
vn -0.9959 0.0643 -0.0642
vn -0.0682 -0.9959 0.0601
vn 0.9959 -0.0643 0.0642
vn 0.0601 -0.0642 -0.9961
vn -0.1529 0.9593 0.2375
vn 0.2375 -0.1976 0.9511
vn -0.9593 -0.2018 0.1976
vn 0.1529 -0.9593 -0.2375
vn 0.9593 0.2018 -0.1976
vn -0.2375 0.1976 -0.9511
vn -0.1197 0.9795 0.1620
vn 0.1620 -0.1417 0.9766
vn -0.9795 -0.1432 0.1417
vn 0.1197 -0.9795 -0.1620
vn 0.9795 0.1432 -0.1417
vn -0.1620 0.1417 -0.9766
vn 0.0205 0.6000 0.7997
vn 0.7997 -0.4899 0.3471
vn -0.6000 -0.6324 0.4899
vn -0.0205 -0.6000 -0.7997
vn 0.6000 0.6324 -0.4899
vn -0.7997 0.4899 -0.3471
vn 0.5376 0.8136 -0.2213
vn -0.2213 0.3894 0.8941
vn -0.8136 0.4317 -0.3894
vn -0.5376 -0.8136 0.2213
vn 0.8136 -0.4317 0.3894
vn 0.2213 -0.3894 -0.8941
