# Blender 3.6.2
# www.blender.org
mtllib tree1.mtl
o Cube
v 1.112074 -0.948368 0.034302
v 1.112874 -0.986174 -0.012282
v 1.158658 -0.977334 0.058610
v 1.159458 -1.015141 0.012026
v 1.074268 -0.984859 0.063268
v 1.075068 -1.022665 0.016684
v 1.120852 -1.013826 0.087576
v 1.121652 -1.051632 0.040992
v 0.843977 -1.007248 0.932550
v 0.804788 -1.050853 0.945311
v 0.831216 -0.980510 0.984726
v 0.792027 -1.024116 0.997487
v 0.800371 -0.975884 0.905813
v 0.761183 -1.019490 0.918574
v 0.787610 -0.949147 0.957988
v 0.748422 -0.992752 0.970749
v -0.156943 -0.951141 1.148884
v -0.146874 -1.000330 1.116035
v -0.124094 -0.974201 1.193484
v -0.114025 -1.023390 1.160635
v -0.206132 -0.976610 1.171945
v -0.196063 -1.025799 1.139096
v -0.173283 -0.999670 1.216545
v -0.163214 -1.048859 1.183695
v -1.010292 -0.949454 0.718495
v -1.002939 -0.994260 0.679273
v -0.971070 -0.975546 0.755654
v -0.963717 -1.020352 0.716432
v -1.055098 -0.979648 0.744587
v -1.047745 -1.024454 0.705365
v -1.015876 -1.005740 0.781746
v -1.008523 -1.050546 0.742524
v -1.100741 -1.032315 -0.276146
v -1.160739 -1.032797 -0.276125
v -1.100763 -1.026962 -0.216386
v -1.160761 -1.027444 -0.216364
v -1.101223 -0.972556 -0.281499
v -1.161221 -0.973038 -0.281478
v -1.101244 -0.967203 -0.221738
v -1.161242 -0.967685 -0.221717
v -0.581017 -0.948636 -1.019316
v -0.577130 -0.989443 -1.063130
v -0.537202 -0.976622 -0.989364
v -0.533316 -1.017429 -1.033179
v -0.621824 -0.982571 -0.991330
v -0.617937 -1.023378 -1.035144
v -0.578009 -1.010557 -0.961378
v -0.574123 -1.051364 -1.005193
v 0.448184 -1.032765 -1.067961
v 0.389487 -1.044931 -1.065377
v 0.445600 -1.008641 -1.013085
v 0.386903 -1.020808 -1.010501
v 0.436018 -0.979192 -1.092085
v 0.377321 -0.991359 -1.089501
v 0.433434 -0.955069 -1.037209
v 0.374737 -0.967235 -1.034625
v 1.116792 -1.017147 -0.400050
v 1.066324 -1.048272 -0.390868
v 1.107610 -0.987168 -0.348893
v 1.057142 -1.018293 -0.339712
v 1.085667 -0.975523 -0.430028
v 1.035200 -1.006648 -0.420847
v 1.076486 -0.945545 -0.378872
v 1.026018 -0.976669 -0.369691
v 0.969264 -0.894958 0.565024
v 0.979970 -0.950441 0.544851
v 0.989438 -0.910788 0.619268
v 1.000144 -0.966272 0.599095
v 0.913781 -0.911420 0.580854
v 0.924487 -0.966903 0.560681
v 0.933954 -0.927250 0.635098
v 0.944660 -0.982733 0.614925
v 0.148039 -0.849520 1.037781
v 0.157231 -0.907059 1.023471
v 0.162349 -0.861420 1.094822
v 0.171542 -0.918959 1.080511
v 0.090500 -0.861672 1.049682
v 0.099693 -0.919211 1.035371
v 0.104811 -0.873573 1.106722
v 0.114003 -0.931111 1.092411
v -0.773527 -0.850378 0.791646
v -0.833469 -0.853002 0.791918
v -0.773799 -0.838109 0.850378
v -0.833741 -0.840733 0.850649
v -0.776151 -0.791704 0.779377
v -0.836093 -0.794328 0.779648
v -0.776422 -0.779435 0.838109
v -0.836364 -0.782059 0.838380
v -1.000747 -0.800061 -0.141957
v -1.056349 -0.821844 -0.136132
v -1.006573 -0.771208 -0.089674
v -1.062175 -0.792991 -0.083848
v -1.022531 -0.752176 -0.170810
v -1.078132 -0.773959 -0.164985
v -1.028357 -0.723323 -0.118527
v -1.083958 -0.745106 -0.112701
v -0.482907 -0.720979 -0.928745
v -0.532002 -0.754035 -0.918900
v -0.492751 -0.691135 -0.877633
v -0.541847 -0.724191 -0.867788
v -0.515963 -0.680772 -0.958589
v -0.565058 -0.713828 -0.948744
v -0.525807 -0.650928 -0.907477
v -0.574903 -0.683984 -0.897632
v 0.453614 -0.600338 -0.904503
v 0.421221 -0.615115 -0.952797
v 0.501908 -0.626189 -0.928985
v 0.469515 -0.640967 -0.977279
v 0.438836 -0.652427 -0.878651
v 0.406443 -0.667205 -0.926946
v 0.487130 -0.678278 -0.903134
v 0.454737 -0.693056 -0.951428
v 1.028750 -0.625365 -0.195120
v 0.968758 -0.626328 -0.195060
v 1.028689 -0.617824 -0.135596
v 0.968697 -0.618787 -0.135535
v 1.027787 -0.565848 -0.202661
v 0.967795 -0.566811 -0.202600
v 1.027726 -0.558308 -0.143137
v 0.967734 -0.559271 -0.143076
v 0.738424 -0.515804 0.723577
v 0.706486 -0.564832 0.736852
v 0.725149 -0.492611 0.777297
v 0.693211 -0.541639 0.790572
v 0.689396 -0.490146 0.700384
v 0.657458 -0.539175 0.713659
v 0.676121 -0.466953 0.754104
v 0.644183 -0.515981 0.767379
v -0.219501 -0.497211 0.934736
v -0.278184 -0.509438 0.937339
v -0.222104 -0.473042 0.989591
v -0.280787 -0.485269 0.992194
v -0.231729 -0.443672 0.910567
v -0.290412 -0.455900 0.913170
v -0.234332 -0.419503 0.965422
v -0.293015 -0.431731 0.968025
v -0.929222 -0.344326 0.306673
v -0.928953 -0.381649 0.259695
v -0.882244 -0.373418 0.330055
v -0.881976 -0.410742 0.283077
v -0.966545 -0.381212 0.335765
v -0.966277 -0.418536 0.288787
v -0.919568 -0.410305 0.359147
v -0.919299 -0.447628 0.312170
v -0.697475 -0.348140 -0.653714
v -0.754063 -0.367461 -0.648763
v -0.702427 -0.320104 -0.600899
v -0.759014 -0.339426 -0.595947
v -0.716797 -0.298736 -0.681750
v -0.773385 -0.318058 -0.676798
v -0.721749 -0.270701 -0.628934
v -0.778336 -0.290023 -0.623982
v 0.224430 -0.299006 -0.908324
v 0.164430 -0.299316 -0.908313
v 0.224419 -0.294708 -0.848478
v 0.164419 -0.295017 -0.848467
v 0.224120 -0.239161 -0.912622
v 0.164121 -0.239471 -0.912611
v 0.224109 -0.234863 -0.852776
v 0.164110 -0.235172 -0.852765
v 0.916264 -0.170815 -0.291863
v 0.912173 -0.230567 -0.288260
v 0.912660 -0.166965 -0.232096
v 0.908569 -0.226716 -0.228492
v 0.856512 -0.166957 -0.295714
v 0.852421 -0.226708 -0.292111
v 0.852909 -0.163106 -0.235946
v 0.848818 -0.222858 -0.232343
v 0.632053 -0.075742 0.628512
v 0.641224 -0.133299 0.614261
v 0.646304 -0.087600 0.685576
v 0.655475 -0.145157 0.671325
v 0.574496 -0.087849 0.640370
v 0.583667 -0.145406 0.626119
v 0.588747 -0.099708 0.697434
v 0.597918 -0.157264 0.683183
v -0.308380 -0.015179 0.798543
v -0.301196 -0.073949 0.788825
v -0.298662 -0.023680 0.857137
v -0.291478 -0.082450 0.847419
v -0.367150 -0.023769 0.807044
v -0.359966 -0.082539 0.797326
v -0.357432 -0.032270 0.865638
v -0.350248 -0.091040 0.855920
v -0.854603 0.066704 0.061294
v -0.855832 0.030702 0.013312
v -0.806620 0.037311 0.082120
v -0.807849 0.001308 0.034137
v -0.890605 0.028759 0.090687
v -0.891834 -0.007244 0.042705
v -0.842623 -0.000635 0.111513
v -0.843851 -0.036637 0.063531
v -0.330215 0.098925 -0.757742
v -0.362470 0.050106 -0.744465
v -0.343492 0.122288 -0.704097
v -0.375748 0.073469 -0.690819
v -0.379034 0.124826 -0.781106
v -0.411289 0.076007 -0.767828
v -0.392311 0.148189 -0.727460
v -0.424567 0.099370 -0.714182
v 0.564454 0.231115 -0.599652
v 0.555126 0.201513 -0.651001
v 0.615803 0.201117 -0.591687
v 0.606475 0.171515 -0.643036
v 0.534853 0.188408 -0.569655
v 0.525525 0.158806 -0.621004
v 0.586202 0.158410 -0.561690
v 0.576874 0.128808 -0.613039
v 0.761635 0.218368 0.300713
v 0.704404 0.200877 0.305029
v 0.757319 0.245635 0.353985
v 0.700088 0.228144 0.358301
v 0.744144 0.268871 0.273445
v 0.686913 0.251380 0.277761
v 0.739828 0.296138 0.326717
v 0.682597 0.278647 0.331033
v -0.065580 0.290253 0.743225
v -0.125540 0.288072 0.743431
v -0.065786 0.301482 0.802165
v -0.125746 0.299301 0.802371
v -0.067761 0.349152 0.731997
v -0.127721 0.346972 0.732203
v -0.067967 0.360381 0.790936
v -0.127927 0.358200 0.791142
v -0.750460 0.460212 0.141099
v -0.767287 0.435826 0.088925
v -0.698285 0.430742 0.138047
v -0.715112 0.406356 0.085872
v -0.774846 0.413986 0.170569
v -0.791672 0.389600 0.118395
v -0.722671 0.384516 0.167517
v -0.739498 0.360130 0.115342
v -0.244478 0.469012 -0.683621
v -0.304476 0.468433 -0.683592
v -0.244507 0.474882 -0.623909
v -0.304504 0.474302 -0.623880
v -0.245058 0.528722 -0.689491
v -0.305055 0.528142 -0.689462
v -0.245087 0.534592 -0.629779
v -0.305084 0.534012 -0.629750
v 0.654918 0.596212 -0.399850
v 0.625508 0.545601 -0.386675
v 0.641742 0.618011 -0.345525
v 0.612332 0.567400 -0.332350
v 0.604307 0.619947 -0.421649
v 0.574897 0.569336 -0.408473
v 0.591131 0.641746 -0.367324
v 0.561721 0.591135 -0.354148
v 0.419663 0.732913 0.536152
v 0.386785 0.718416 0.488101
v 0.467714 0.707229 0.511024
v 0.434836 0.692731 0.462973
v 0.405165 0.680662 0.561836
v 0.372288 0.666165 0.513785
v 0.453216 0.654978 0.536708
v 0.420339 0.640481 0.488657
v -0.436485 0.768789 0.453999
v -0.484200 0.733942 0.464436
v -0.446922 0.798395 0.505132
v -0.494637 0.763548 0.515569
v -0.471331 0.807637 0.424393
v -0.519047 0.772790 0.434830
v -0.481768 0.837243 0.475526
v -0.529484 0.802396 0.485963
v -0.455800 0.936863 -0.423172
v -0.463334 0.905928 -0.474027
v -0.404945 0.906878 -0.412465
v -0.412479 0.875943 -0.463321
v -0.486736 0.895103 -0.393186
v -0.494270 0.864168 -0.444041
v -0.435881 0.865118 -0.382480
v -0.443414 0.834183 -0.433335
v 0.491708 0.997765 -0.422625
v 0.472788 0.941948 -0.411379
v 0.480463 1.013044 -0.365703
v 0.461543 0.957227 -0.354458
v 0.435891 1.013607 -0.437904
v 0.416971 0.957789 -0.426659
v 0.424646 1.028886 -0.380983
v 0.405726 0.973069 -0.369737
v 0.299272 1.142209 0.454319
v 0.295433 1.108389 0.404908
v 0.348683 1.112453 0.470847
v 0.344844 1.078633 0.421436
v 0.265452 1.102576 0.484075
v 0.261612 1.068756 0.434664
v 0.314863 1.072821 0.500602
v 0.311023 1.039000 0.451192
v -0.465390 1.190401 0.195055
v -0.508043 1.149964 0.207121
v -0.477456 1.218527 0.246662
v -0.520109 1.178090 0.258728
v -0.505827 1.224662 0.166929
v -0.548480 1.184225 0.178995
v -0.517893 1.252788 0.218536
v -0.560546 1.212351 0.230602
v 0.009062 1.283426 -0.511191
v -0.049109 1.269090 -0.507926
v 0.005797 1.309012 -0.457018
v -0.052374 1.294676 -0.453753
v -0.005274 1.335769 -0.536777
v -0.063445 1.321433 -0.533512
v -0.008539 1.361355 -0.482604
v -0.066710 1.347019 -0.479339
v 0.462201 1.413635 0.155664
v 0.402512 1.407598 0.156596
v 0.461269 1.431685 0.212877
v 0.401580 1.425647 0.213809
v 0.456163 1.470536 0.137614
v 0.396475 1.464499 0.138546
v 0.455231 1.488586 0.194827
v 0.395543 1.482549 0.195759
v -0.335302 1.563569 0.219970
v -0.393450 1.549148 0.223263
v -0.338595 1.589207 0.274117
v -0.396743 1.574786 0.277410
v -0.349723 1.615864 0.194333
v -0.407871 1.601443 0.197625
v -0.353016 1.641502 0.248479
v -0.411164 1.627081 0.251772
v 0.143197 1.737748 -0.390654
v 0.108081 1.690922 -0.377455
v 0.129997 1.762585 -0.337655
v 0.094882 1.715759 -0.324456
v 0.096370 1.765863 -0.415491
v 0.061255 1.719037 -0.402292
v 0.083171 1.790700 -0.362492
v 0.048056 1.743874 -0.349293
v 0.118120 1.887502 0.322357
v 0.072563 1.850105 0.333586
v 0.106890 1.916575 0.373627
v 0.061334 1.879178 0.384856
v 0.080723 1.924328 0.293283
v 0.035166 1.886931 0.304512
v 0.069493 1.953402 0.344553
v 0.023937 1.916005 0.355783
v -0.111260 2.149139 -0.240669
v -0.137210 2.130539 -0.291469
v -0.060460 2.121389 -0.256459
v -0.086410 2.102790 -0.307259
v -0.129859 2.099299 -0.212919
v -0.155809 2.080699 -0.263719
v -0.079059 2.071550 -0.228709
v -0.105009 2.052950 -0.279509
v -0.019430 2.368785 0.169127
v -0.013340 2.309603 0.161360
v -0.011663 2.361830 0.228215
v -0.005572 2.302647 0.220447
v -0.078613 2.361782 0.176083
v -0.072522 2.302599 0.168316
v -0.070845 2.354826 0.235170
v -0.064754 2.295643 0.227403
v 0.002632 2.761178 0.081011
v -0.035582 2.749708 0.036198
v 0.047444 2.737585 0.048836
v 0.009230 2.726115 0.004023
v -0.008838 2.707217 0.104604
v -0.047052 2.695747 0.059792
v 0.035974 2.683624 0.072429
v -0.002240 2.672154 0.027617
vn -0.0133 0.6301 0.7764
vn 0.7764 -0.4828 0.4051
vn -0.6301 -0.6082 0.4828
vn 0.0133 -0.6301 -0.7764
vn 0.6301 0.6082 -0.4828
vn -0.7764 0.4828 -0.4051
vn 0.6531 0.7268 -0.2127
vn -0.2127 0.4456 0.8696
vn -0.7268 0.5227 -0.4456
vn -0.6531 -0.7268 0.2127
vn 0.7268 -0.5227 0.4456
vn 0.2127 -0.4456 -0.8696
vn -0.1678 0.8198 0.5475
vn 0.5475 -0.3843 0.7433
vn -0.8198 -0.4245 0.3843
vn 0.1678 -0.8198 -0.5475
vn 0.8198 0.4245 -0.3843
vn -0.5475 0.3843 -0.7433
vn -0.1226 0.7468 0.6537
vn 0.6537 -0.4349 0.6193
vn -0.7468 -0.5032 0.4349
vn 0.1226 -0.7468 -0.6537
vn 0.7468 0.5032 -0.4349
vn -0.6537 0.4349 -0.6193
vn 1.0000 0.0080 -0.0004
vn -0.0004 0.0892 0.9960
vn -0.0080 0.9960 -0.0892
vn -1.0000 -0.0080 0.0004
vn 0.0080 -0.9960 0.0892
vn 0.0004 -0.0892 -0.9960
vn -0.0648 0.6801 0.7302
vn 0.7302 -0.4664 0.4992
vn -0.6801 -0.5656 0.4664
vn 0.0648 -0.6801 -0.7302
vn 0.6801 0.5656 -0.4664
vn -0.7302 0.4664 -0.4992
vn 0.9783 0.2028 -0.0431
vn -0.0431 0.4021 0.9146
vn -0.2028 0.8929 -0.4021
vn -0.9783 -0.2028 0.0431
vn 0.2028 -0.8929 0.4021
vn 0.0431 -0.4021 -0.9146
vn 0.8411 0.5187 -0.1530
vn -0.1530 0.4996 0.8526
vn -0.5187 0.6937 -0.4996
vn -0.8411 -0.5187 0.1530
vn 0.5187 -0.6937 0.4996
vn 0.1530 -0.4996 -0.8526
vn -0.1784 0.9247 0.3362
vn 0.3362 -0.2638 0.9041
vn -0.9247 -0.2744 0.2638
vn 0.1784 -0.9247 -0.3362
vn 0.9247 0.2744 -0.2638
vn -0.3362 0.2638 -0.9041
vn -0.1532 0.9590 0.2385
vn 0.2385 -0.1983 0.9507
vn -0.9590 -0.2025 0.1983
vn 0.1532 -0.9590 -0.2385
vn 0.9590 0.2025 -0.1983
vn -0.2385 0.1983 -0.9507
vn 0.9990 0.0437 -0.0045
vn -0.0045 0.2045 0.9789
vn -0.0437 0.9779 -0.2045
vn -0.9990 -0.0437 0.0045
vn 0.0437 -0.9779 0.2045
vn 0.0045 -0.2045 -0.9789
vn 0.9267 0.3631 -0.0971
vn -0.0971 0.4809 0.8714
vn -0.3631 0.7981 -0.4809
vn -0.9267 -0.3631 0.0971
vn 0.3631 -0.7981 0.4809
vn 0.0971 -0.4809 -0.8714
vn 0.8183 0.5509 -0.1641
vn -0.1641 0.4974 0.8519
vn -0.5509 0.6701 -0.4974
vn -0.8183 -0.5509 0.1641
vn 0.5509 -0.6701 0.4974
vn 0.1641 -0.4974 -0.8519
vn 0.5399 0.2463 0.8049
vn 0.8049 -0.4309 -0.4080
vn -0.2463 -0.8682 0.4309
vn -0.5399 -0.2463 -0.8049
vn 0.2463 0.8682 -0.4309
vn -0.8049 0.4309 0.4080
vn 0.9999 0.0161 -0.0010
vn -0.0010 0.1257 0.9921
vn -0.0161 0.9919 -0.1257
vn -0.9999 -0.0161 0.0010
vn 0.0161 -0.9919 0.1257
vn 0.0010 -0.1257 -0.9921
vn 0.5323 0.8171 -0.2213
vn -0.2213 0.3866 0.8953
vn -0.8171 0.4276 -0.3866
vn -0.5323 -0.8171 0.2213
vn 0.8171 -0.4276 0.3866
vn 0.2213 -0.3866 -0.8953
vn 0.9781 0.2038 -0.0434
vn -0.0434 0.4028 0.9143
vn -0.2038 0.8923 -0.4028
vn -0.9781 -0.2038 0.0434
vn 0.2038 -0.8923 0.4028
vn 0.0434 -0.4028 -0.9143
vn -0.0045 0.6221 0.7830
vn 0.7830 -0.4849 0.3897
vn -0.6221 -0.6148 0.4849
vn 0.0045 -0.6221 -0.7830
vn 0.6221 0.6148 -0.4849
vn -0.7830 0.4849 -0.3897
vn 0.9431 0.3220 -0.0825
vn -0.0825 0.4673 0.8803
vn -0.3220 0.8234 -0.4673
vn -0.9431 -0.3220 0.0825
vn 0.3220 -0.8234 0.4673
vn 0.0825 -0.4673 -0.8803
vn 1.0000 0.0052 -0.0002
vn -0.0002 0.0716 0.9974
vn -0.0052 0.9974 -0.0716
vn -1.0000 -0.0052 0.0002
vn 0.0052 -0.9974 0.0716
vn 0.0002 -0.0716 -0.9974
vn 0.0682 0.9959 -0.0601
vn -0.0601 0.0642 0.9961
vn -0.9959 0.0643 -0.0642
vn -0.0682 -0.9959 0.0601
vn 0.9959 -0.0643 0.0642
vn 0.0601 -0.0642 -0.9961
vn -0.1529 0.9593 0.2375
vn 0.2375 -0.1976 0.9511
vn -0.9593 -0.2018 0.1976
vn 0.1529 -0.9593 -0.2375
vn 0.9593 0.2018 -0.1976
vn -0.2375 0.1976 -0.9511
vn -0.1197 0.9795 0.1620
vn 0.1620 -0.1417 0.9766
vn -0.9795 -0.1432 0.1417
vn 0.1197 -0.9795 -0.1620
vn 0.9795 0.1432 -0.1417
vn -0.1620 0.1417 -0.9766
vn 0.0205 0.6000 0.7997
vn 0.7997 -0.4899 0.3471
vn -0.6000 -0.6324 0.4899
vn -0.0205 -0.6000 -0.7997
vn 0.6000 0.6324 -0.4899
vn -0.7997 0.4899 -0.3471
vn 0.5376 0.8136 -0.2213
vn -0.2213 0.3894 0.8941
vn -0.8136 0.4317 -0.3894
vn -0.5376 -0.8136 0.2213
vn 0.8136 -0.4317 0.3894
vn 0.2213 -0.3894 -0.8941
vn 0.1555 0.4934 0.8558
vn 0.8558 -0.5000 0.1327
vn -0.4934 -0.7118 0.5000
vn -0.1555 -0.4934 -0.8558
vn 0.4934 0.7118 -0.5000
vn -0.8558 0.5000 -0.1327
vn 0.9539 0.2915 -0.0719
vn -0.0719 0.4545 0.8879
vn -0.2915 0.8417 -0.4545
vn -0.9539 -0.2915 0.0719
vn 0.2915 -0.8417 0.4545
vn 0.0719 -0.4545 -0.8879
vn 0.9993 0.0363 -0.0034
vn -0.0034 0.1871 0.9823
vn -0.0363 0.9817 -0.1871
vn -0.9993 -0.0363 0.0034
vn 0.0363 -0.9817 0.1871
vn 0.0034 -0.1871 -0.9823
vn 0.2804 0.4064 0.8696
vn 0.8696 -0.4912 -0.0509
vn -0.4064 -0.7704 0.4912
vn -0.2804 -0.4064 -0.8696
vn 0.4064 0.7704 -0.4912
vn -0.8696 0.4912 0.0509
vn 1.0000 0.0097 -0.0005
vn -0.0005 0.0978 0.9952
vn -0.0097 0.9952 -0.0978
vn -1.0000 -0.0097 0.0005
vn 0.0097 -0.9952 0.0978
vn 0.0005 -0.0978 -0.9952
vn 0.4902 0.8435 -0.2196
vn -0.2196 0.3633 0.9054
vn -0.8435 0.3956 -0.3633
vn -0.4902 -0.8435 0.2196
vn 0.8435 -0.3956 0.3633
vn 0.2196 -0.3633 -0.9054
vn 0.5480 0.2416 0.8009
vn 0.8009 -0.4281 -0.4188
vn -0.2416 -0.8708 0.4281
vn -0.5480 -0.2416 -0.8009
vn 0.2416 0.8708 -0.4281
vn -0.8009 0.4281 0.4188
vn 0.7953 0.5808 -0.1739
vn -0.1739 0.4934 0.8522
vn -0.5808 0.6475 -0.4934
vn -0.7953 -0.5808 0.1739
vn 0.5808 -0.6475 0.4934
vn 0.1739 -0.4934 -0.8522
vn 0.1256 0.5156 0.8476
vn 0.8476 -0.4998 0.1784
vn -0.5156 -0.6960 0.4998
vn -0.1256 -0.5156 -0.8476
vn 0.5156 0.6960 -0.4998
vn -0.8476 0.4998 -0.1784
vn 0.3153 0.9303 -0.1874
vn -0.1874 0.2547 0.9487
vn -0.9303 0.2640 -0.2547
vn -0.3153 -0.9303 0.1874
vn 0.9303 -0.2640 0.2547
vn 0.1874 -0.2547 -0.9487
vn 0.0640 0.5637 0.8235
vn 0.8235 -0.4959 0.2755
vn -0.5637 -0.6605 0.4959
vn -0.0640 -0.5637 -0.8235
vn 0.5637 0.6605 -0.4959
vn -0.8235 0.4959 -0.2755
vn 0.7109 0.6739 -0.2011
vn -0.2011 0.4688 0.8601
vn -0.6739 0.5710 -0.4688
vn -0.7109 -0.6739 0.2011
vn 0.6739 -0.5710 0.4688
vn 0.2011 -0.4688 -0.8601
vn 0.9695 0.2389 -0.0544
vn -0.0544 0.4264 0.9029
vn -0.2389 0.8724 -0.4264
vn -0.9695 -0.2389 0.0544
vn 0.2389 -0.8724 0.4264
vn 0.0544 -0.4264 -0.9029
vn 0.9948 0.1006 -0.0155
vn -0.0155 0.3008 0.9536
vn -0.1006 0.9484 -0.3008
vn -0.9948 -0.1006 0.0155
vn 0.1006 -0.9484 0.3008
vn 0.0155 -0.3008 -0.9536
vn 0.9691 0.2403 -0.0549
vn -0.0549 0.4273 0.9024
vn -0.2403 0.8716 -0.4273
vn -0.9691 -0.2403 0.0549
vn 0.2404 -0.8716 0.4273
vn 0.0549 -0.4273 -0.9024
vn 0.5853 0.7804 -0.2200
vn -0.2200 0.4140 0.8833
vn -0.7804 0.4686 -0.4140
vn -0.5853 -0.7804 0.2200
vn 0.7804 -0.4686 0.4140
vn 0.2200 -0.4140 -0.8833
vn 0.7593 0.6233 -0.1872
vn -0.1872 0.4846 0.8545
vn -0.6233 0.6138 -0.4846
vn -0.7593 -0.6233 0.1872
vn 0.6233 -0.6138 0.4846
vn 0.1872 -0.4846 -0.8545
vn 0.4325 0.3100 0.8467
vn 0.8467 -0.4625 -0.2632
vn -0.3100 -0.8307 0.4625
vn -0.4325 -0.3100 -0.8467
vn 0.3100 0.8307 -0.4625
vn -0.8467 0.4625 0.2632
vn -0.1015 0.9864 0.1295
vn 0.1295 -0.1159 0.9848
vn -0.9864 -0.1167 0.1159
vn 0.1015 -0.9864 -0.1295
vn 0.9864 0.1167 -0.1159
vn -0.1295 0.1159 -0.9848
vn 0.6369 0.1912 0.7469
vn 0.7469 -0.3932 -0.5362
vn -0.1912 -0.8993 0.3932
vn -0.6369 -0.1912 -0.7469
vn 0.1912 0.8993 -0.3932
vn -0.7469 0.3932 0.5362
vt 0.625000 0.500000
vt 0.875000 0.500000
vt 0.875000 0.750000
vt 0.625000 0.750000
vt 0.375000 0.750000
vt 0.625000 1.000000
vt 0.375000 1.000000
vt 0.375000 0.000000
vt 0.625000 0.000000
vt 0.625000 0.250000
vt 0.375000 0.250000
vt 0.125000 0.500000
vt 0.375000 0.500000
vt 0.125000 0.750000
s 0
usemtl Material
f 1/1/1 5/2/1 7/3/1 3/4/1
f 4/5/2 3/4/2 7/6/2 8/7/2
f 8/8/3 7/9/3 5/10/3 6/11/3
f 6/12/4 2/13/4 4/5/4 8/14/4
f 2/13/5 1/1/5 3/4/5 4/5/5
f 6/11/6 5/10/6 1/1/6 2/13/6
f 9/1/7 13/2/7 15/3/7 11/4/7
f 12/5/8 11/4/8 15/6/8 16/7/8
f 16/8/9 15/9/9 13/10/9 14/11/9
f 14/12/10 10/13/10 12/5/10 16/14/10
f 10/13/11 9/1/11 11/4/11 12/5/11
f 14/11/12 13/10/12 9/1/12 10/13/12
f 17/1/13 21/2/13 23/3/13 19/4/13
f 20/5/14 19/4/14 23/6/14 24/7/14
f 24/8/15 23/9/15 21/10/15 22/11/15
f 22/12/16 18/13/16 20/5/16 24/14/16
f 18/13/17 17/1/17 19/4/17 20/5/17
f 22/11/18 21/10/18 17/1/18 18/13/18
f 25/1/19 29/2/19 31/3/19 27/4/19
f 28/5/20 27/4/20 31/6/20 32/7/20
f 32/8/21 31/9/21 29/10/21 30/11/21
f 30/12/22 26/13/22 28/5/22 32/14/22
f 26/13/23 25/1/23 27/4/23 28/5/23
f 30/11/24 29/10/24 25/1/24 26/13/24
f 33/1/25 37/2/25 39/3/25 35/4/25
f 36/5/26 35/4/26 39/6/26 40/7/26
f 40/8/27 39/9/27 37/10/27 38/11/27
f 38/12/28 34/13/28 36/5/28 40/14/28
f 34/13/29 33/1/29 35/4/29 36/5/29
f 38/11/30 37/10/30 33/1/30 34/13/30
f 41/1/31 45/2/31 47/3/31 43/4/31
f 44/5/32 43/4/32 47/6/32 48/7/32
f 48/8/33 47/9/33 45/10/33 46/11/33
f 46/12/34 42/13/34 44/5/34 48/14/34
f 42/13/35 41/1/35 43/4/35 44/5/35
f 46/11/36 45/10/36 41/1/36 42/13/36
f 49/1/37 53/2/37 55/3/37 51/4/37
f 52/5/38 51/4/38 55/6/38 56/7/38
f 56/8/39 55/9/39 53/10/39 54/11/39
f 54/12/40 50/13/40 52/5/40 56/14/40
f 50/13/41 49/1/41 51/4/41 52/5/41
f 54/11/42 53/10/42 49/1/42 50/13/42
f 57/1/43 61/2/43 63/3/43 59/4/43
f 60/5/44 59/4/44 63/6/44 64/7/44
f 64/8/45 63/9/45 61/10/45 62/11/45
f 62/12/46 58/13/46 60/5/46 64/14/46
f 58/13/47 57/1/47 59/4/47 60/5/47
f 62/11/48 61/10/48 57/1/48 58/13/48
f 65/1/49 69/2/49 71/3/49 67/4/49
f 68/5/50 67/4/50 71/6/50 72/7/50
f 72/8/51 71/9/51 69/10/51 70/11/51
f 70/12/52 66/13/52 68/5/52 72/14/52
f 66/13/53 65/1/53 67/4/53 68/5/53
f 70/11/54 69/10/54 65/1/54 66/13/54
f 73/1/55 77/2/55 79/3/55 75/4/55
f 76/5/56 75/4/56 79/6/56 80/7/56
f 80/8/57 79/9/57 77/10/57 78/11/57
f 78/12/58 74/13/58 76/5/58 80/14/58
f 74/13/59 73/1/59 75/4/59 76/5/59
f 78/11/60 77/10/60 73/1/60 74/13/60
f 81/1/61 85/2/61 87/3/61 83/4/61
f 84/5/62 83/4/62 87/6/62 88/7/62
f 88/8/63 87/9/63 85/10/63 86/11/63
f 86/12/64 82/13/64 84/5/64 88/14/64
f 82/13/65 81/1/65 83/4/65 84/5/65
f 86/11/66 85/10/66 81/1/66 82/13/66
f 89/1/67 93/2/67 95/3/67 91/4/67
f 92/5/68 91/4/68 95/6/68 96/7/68
f 96/8/69 95/9/69 93/10/69 94/11/69
f 94/12/70 90/13/70 92/5/70 96/14/70
f 90/13/71 89/1/71 91/4/71 92/5/71
f 94/11/72 93/10/72 89/1/72 90/13/72
f 97/1/73 101/2/73 103/3/73 99/4/73
f 100/5/74 99/4/74 103/6/74 104/7/74
f 104/8/75 103/9/75 101/10/75 102/11/75
f 102/12/76 98/13/76 100/5/76 104/14/76
f 98/13/77 97/1/77 99/4/77 100/5/77
f 102/11/78 101/10/78 97/1/78 98/13/78
f 105/1/79 109/2/79 111/3/79 107/4/79
f 108/5/80 107/4/80 111/6/80 112/7/80
f 112/8/81 111/9/81 109/10/81 110/11/81
f 110/12/82 106/13/82 108/5/82 112/14/82
f 106/13/83 105/1/83 107/4/83 108/5/83
f 110/11/84 109/10/84 105/1/84 106/13/84
f 113/1/85 117/2/85 119/3/85 115/4/85
f 116/5/86 115/4/86 119/6/86 120/7/86
f 120/8/87 119/9/87 117/10/87 118/11/87
f 118/12/88 114/13/88 116/5/88 120/14/88
f 114/13/89 113/1/89 115/4/89 116/5/89
f 118/11/90 117/10/90 113/1/90 114/13/90
f 121/1/91 125/2/91 127/3/91 123/4/91
f 124/5/92 123/4/92 127/6/92 128/7/92
f 128/8/93 127/9/93 125/10/93 126/11/93
f 126/12/94 122/13/94 124/5/94 128/14/94
f 122/13/95 121/1/95 123/4/95 124/5/95
f 126/11/96 125/10/96 121/1/96 122/13/96
f 129/1/97 133/2/97 135/3/97 131/4/97
f 132/5/98 131/4/98 135/6/98 136/7/98
f 136/8/99 135/9/99 133/10/99 134/11/99
f 134/12/100 130/13/100 132/5/100 136/14/100
f 130/13/101 129/1/101 131/4/101 132/5/101
f 134/11/102 133/10/102 129/1/102 130/13/102
f 137/1/103 141/2/103 143/3/103 139/4/103
f 140/5/104 139/4/104 143/6/104 144/7/104
f 144/8/105 143/9/105 141/10/105 142/11/105
f 142/12/106 138/13/106 140/5/106 144/14/106
f 138/13/107 137/1/107 139/4/107 140/5/107
f 142/11/108 141/10/108 137/1/108 138/13/108
f 145/1/109 149/2/109 151/3/109 147/4/109
f 148/5/110 147/4/110 151/6/110 152/7/110
f 152/8/111 151/9/111 149/10/111 150/11/111
f 150/12/112 146/13/112 148/5/112 152/14/112
f 146/13/113 145/1/113 147/4/113 148/5/113
f 150/11/114 149/10/114 145/1/114 146/13/114
f 153/1/115 157/2/115 159/3/115 155/4/115
f 156/5/116 155/4/116 159/6/116 160/7/116
f 160/8/117 159/9/117 157/10/117 158/11/117
f 158/12/118 154/13/118 156/5/118 160/14/118
f 154/13/119 153/1/119 155/4/119 156/5/119
f 158/11/120 157/10/120 153/1/120 154/13/120
f 161/1/121 165/2/121 167/3/121 163/4/121
f 164/5/122 163/4/122 167/6/122 168/7/122
f 168/8/123 167/9/123 165/10/123 166/11/123
f 166/12/124 162/13/124 164/5/124 168/14/124
f 162/13/125 161/1/125 163/4/125 164/5/125
f 166/11/126 165/10/126 161/1/126 162/13/126
f 169/1/127 173/2/127 175/3/127 171/4/127
f 172/5/128 171/4/128 175/6/128 176/7/128
f 176/8/129 175/9/129 173/10/129 174/11/129
f 174/12/130 170/13/130 172/5/130 176/14/130
f 170/13/131 169/1/131 171/4/131 172/5/131
f 174/11/132 173/10/132 169/1/132 170/13/132
f 177/1/133 181/2/133 183/3/133 179/4/133
f 180/5/134 179/4/134 183/6/134 184/7/134
f 184/8/135 183/9/135 181/10/135 182/11/135
f 182/12/136 178/13/136 180/5/136 184/14/136
f 178/13/137 177/1/137 179/4/137 180/5/137
f 182/11/138 181/10/138 177/1/138 178/13/138
f 185/1/139 189/2/139 191/3/139 187/4/139
f 188/5/140 187/4/140 191/6/140 192/7/140
f 192/8/141 191/9/141 189/10/141 190/11/141
f 190/12/142 186/13/142 188/5/142 192/14/142
f 186/13/143 185/1/143 187/4/143 188/5/143
f 190/11/144 189/10/144 185/1/144 186/13/144
f 193/1/145 197/2/145 199/3/145 195/4/145
f 196/5/146 195/4/146 199/6/146 200/7/146
f 200/8/147 199/9/147 197/10/147 198/11/147
f 198/12/148 194/13/148 196/5/148 200/14/148
f 194/13/149 193/1/149 195/4/149 196/5/149
f 198/11/150 197/10/150 193/1/150 194/13/150
f 201/1/151 205/2/151 207/3/151 203/4/151
f 204/5/152 203/4/152 207/6/152 208/7/152
f 208/8/153 207/9/153 205/10/153 206/11/153
f 206/12/154 202/13/154 204/5/154 208/14/154
f 202/13/155 201/1/155 203/4/155 204/5/155
f 206/11/156 205/10/156 201/1/156 202/13/156
f 209/1/157 213/2/157 215/3/157 211/4/157
f 212/5/158 211/4/158 215/6/158 216/7/158
f 216/8/159 215/9/159 213/10/159 214/11/159
f 214/12/160 210/13/160 212/5/160 216/14/160
f 210/13/161 209/1/161 211/4/161 212/5/161
f 214/11/162 213/10/162 209/1/162 210/13/162
f 217/1/163 221/2/163 223/3/163 219/4/163
f 220/5/164 219/4/164 223/6/164 224/7/164
f 224/8/165 223/9/165 221/10/165 222/11/165
f 222/12/166 218/13/166 220/5/166 224/14/166
f 218/13/167 217/1/167 219/4/167 220/5/167
f 222/11/168 221/10/168 217/1/168 218/13/168
f 225/1/169 229/2/169 231/3/169 227/4/169
f 228/5/170 227/4/170 231/6/170 232/7/170
f 232/8/171 231/9/171 229/10/171 230/11/171
f 230/12/172 226/13/172 228/5/172 232/14/172
f 226/13/173 225/1/173 227/4/173 228/5/173
f 230/11/174 229/10/174 225/1/174 226/13/174
f 233/1/175 237/2/175 239/3/175 235/4/175
f 236/5/176 235/4/176 239/6/176 240/7/176
f 240/8/177 239/9/177 237/10/177 238/11/177
f 238/12/178 234/13/178 236/5/178 240/14/178
f 234/13/179 233/1/179 235/4/179 236/5/179
f 238/11/180 237/10/180 233/1/180 234/13/180
f 241/1/181 245/2/181 247/3/181 243/4/181
f 244/5/182 243/4/182 247/6/182 248/7/182
f 248/8/183 247/9/183 245/10/183 246/11/183
f 246/12/184 242/13/184 244/5/184 248/14/184
f 242/13/185 241/1/185 243/4/185 244/5/185
f 246/11/186 245/10/186 241/1/186 242/13/186
f 249/1/187 253/2/187 255/3/187 251/4/187
f 252/5/188 251/4/188 255/6/188 256/7/188
f 256/8/189 255/9/189 253/10/189 254/11/189
f 254/12/190 250/13/190 252/5/190 256/14/190
f 250/13/191 249/1/191 251/4/191 252/5/191
f 254/11/192 253/10/192 249/1/192 250/13/192
f 257/1/193 261/2/193 263/3/193 259/4/193
f 260/5/194 259/4/194 263/6/194 264/7/194
f 264/8/195 263/9/195 261/10/195 262/11/195
f 262/12/196 258/13/196 260/5/196 264/14/196
f 258/13/197 257/1/197 259/4/197 260/5/197
f 262/11/198 261/10/198 257/1/198 258/13/198
f 265/1/199 269/2/199 271/3/199 267/4/199
f 268/5/200 267/4/200 271/6/200 272/7/200
f 272/8/201 271/9/201 269/10/201 270/11/201
f 270/12/202 266/13/202 268/5/202 272/14/202
f 266/13/203 265/1/203 267/4/203 268/5/203
f 270/11/204 269/10/204 265/1/204 266/13/204
f 273/1/205 277/2/205 279/3/205 275/4/205
f 276/5/206 275/4/206 279/6/206 280/7/206
f 280/8/207 279/9/207 277/10/207 278/11/207
f 278/12/208 274/13/208 276/5/208 280/14/208
f 274/13/209 273/1/209 275/4/209 276/5/209
f 278/11/210 277/10/210 273/1/210 274/13/210
f 281/1/211 285/2/211 287/3/211 283/4/211
f 284/5/212 283/4/212 287/6/212 288/7/212
f 288/8/213 287/9/213 285/10/213 286/11/213
f 286/12/214 282/13/214 284/5/214 288/14/214
f 282/13/215 281/1/215 283/4/215 284/5/215
f 286/11/216 285/10/216 281/1/216 282/13/216
f 289/1/217 293/2/217 295/3/217 291/4/217
f 292/5/218 291/4/218 295/6/218 296/7/218
f 296/8/219 295/9/219 293/10/219 294/11/219
f 294/12/220 290/13/220 292/5/220 296/14/220
f 290/13/221 289/1/221 291/4/221 292/5/221
f 294/11/222 293/10/222 289/1/222 290/13/222
f 297/1/223 301/2/223 303/3/223 299/4/223
f 300/5/224 299/4/224 303/6/224 304/7/224
f 304/8/225 303/9/225 301/10/225 302/11/225
f 302/12/226 298/13/226 300/5/226 304/14/226
f 298/13/227 297/1/227 299/4/227 300/5/227
f 302/11/228 301/10/228 297/1/228 298/13/228
f 305/1/229 309/2/229 311/3/229 307/4/229
f 308/5/230 307/4/230 311/6/230 312/7/230
f 312/8/231 311/9/231 309/10/231 310/11/231
f 310/12/232 306/13/232 308/5/232 312/14/232
f 306/13/233 305/1/233 307/4/233 308/5/233
f 310/11/234 309/10/234 305/1/234 306/13/234
f 313/1/235 317/2/235 319/3/235 315/4/235
f 316/5/236 315/4/236 319/6/236 320/7/236
f 320/8/237 319/9/237 317/10/237 318/11/237
f 318/12/238 314/13/238 316/5/238 320/14/238
f 314/13/239 313/1/239 315/4/239 316/5/239
f 318/11/240 317/10/240 313/1/240 314/13/240
f 321/1/241 325/2/241 327/3/241 323/4/241
f 324/5/242 323/4/242 327/6/242 328/7/242
f 328/8/243 327/9/243 325/10/243 326/11/243
f 326/12/244 322/13/244 324/5/244 328/14/244
f 322/13/245 321/1/245 323/4/245 324/5/245
f 326/11/246 325/10/246 321/1/246 322/13/246
f 329/1/247 333/2/247 335/3/247 331/4/247
f 332/5/248 331/4/248 335/6/248 336/7/248
f 336/8/249 335/9/249 333/10/249 334/11/249
f 334/12/250 330/13/250 332/5/250 336/14/250
f 330/13/251 329/1/251 331/4/251 332/5/251
f 334/11/252 333/10/252 329/1/252 330/13/252
f 337/1/253 341/2/253 343/3/253 339/4/253
f 340/5/254 339/4/254 343/6/254 344/7/254
f 344/8/255 343/9/255 341/10/255 342/11/255
f 342/12/256 338/13/256 340/5/256 344/14/256
f 338/13/257 337/1/257 339/4/257 340/5/257
f 342/11/258 341/10/258 337/1/258 338/13/258
f 345/1/259 349/2/259 351/3/259 347/4/259
f 348/5/260 347/4/260 351/6/260 352/7/260
f 352/8/261 351/9/261 349/10/261 350/11/261
f 350/12/262 346/13/262 348/5/262 352/14/262
f 346/13/263 345/1/263 347/4/263 348/5/263
f 350/11/264 349/10/264 345/1/264 346/13/264
f 353/1/265 357/2/265 359/3/265 355/4/265
f 356/5/266 355/4/266 359/6/266 360/7/266
f 360/8/267 359/9/267 357/10/267 358/11/267
f 358/12/268 354/13/268 356/5/268 360/14/268
f 354/13/269 353/1/269 355/4/269 356/5/269
f 358/11/270 357/10/270 353/1/270 354/13/270
