# Blender 3.6.2
# www.blender.org
mtllib tree2.mtl
o Cube
v 0.034302 -0.948368 -1.112074
v -0.012282 -0.986174 -1.112874
v 0.058610 -0.977334 -1.158658
v 0.012026 -1.015141 -1.159458
v 0.063268 -0.984859 -1.074268
v 0.016684 -1.022665 -1.075068
v 0.087576 -1.013826 -1.120852
v 0.040992 -1.051632 -1.121652
v 1.083469 -1.007248 -0.548628
v 1.096230 -1.050853 -0.509439
v 1.135645 -0.980510 -0.535867
v 1.148406 -1.024116 -0.496678
v 1.056732 -0.975884 -0.505022
v 1.069493 -1.019490 -0.465834
v 1.108907 -0.949147 -0.492261
v 1.121668 -0.992752 -0.453073
v 0.962293 -0.951141 0.789192
v 0.929444 -1.000330 0.779123
v 1.006893 -0.974201 0.756343
v 0.974044 -1.023390 0.746274
v 0.985353 -0.976610 0.838381
v 0.952504 -1.025799 0.828312
v 1.029953 -0.999670 0.805532
v 0.997104 -1.048859 0.795463
v -0.260946 -0.949454 1.131876
v -0.300168 -0.994260 1.124523
v -0.223787 -0.975546 1.092654
v -0.263009 -1.020352 1.085301
v -0.234854 -0.979648 1.176682
v -0.274076 -1.024454 1.169329
v -0.197695 -1.005740 1.137460
v -0.236917 -1.050546 1.130107
v -1.110400 -1.032315 0.222056
v -1.110379 -1.032796 0.282054
v -1.050640 -1.026962 0.222077
v -1.050618 -1.027444 0.282075
v -1.115753 -0.972556 0.222537
v -1.115732 -0.973038 0.282535
v -1.055992 -0.967203 0.222558
v -1.055971 -0.967685 0.282557
v -0.702245 -0.948490 -0.949688
v -0.746059 -0.989297 -0.953575
v -0.672293 -0.976476 -0.993503
v -0.716108 -1.017283 -0.997389
v -0.674259 -0.982426 -0.908881
v -0.718073 -1.023232 -0.912768
v -0.644308 -1.010411 -0.952696
v -0.688122 -1.051218 -0.956582
v 0.573306 -0.971611 -0.993686
v 0.575890 -0.983777 -0.934989
v 0.628182 -0.947487 -0.991102
v 0.630766 -0.959653 -0.932405
v 0.549182 -0.918038 -0.981520
v 0.551767 -0.930204 -0.922823
v 0.604058 -0.893914 -0.978935
v 0.606643 -0.906081 -0.920239
v 1.046437 -0.891332 0.156251
v 1.055619 -0.922456 0.206719
v 1.097593 -0.861353 0.165433
v 1.106775 -0.892477 0.215900
v 1.016458 -0.849708 0.187375
v 1.025640 -0.880832 0.237843
v 1.067615 -0.819729 0.196557
v 1.076796 -0.850853 0.247025
v 0.180458 -0.747261 1.030067
v 0.160285 -0.802745 1.019361
v 0.234702 -0.763091 1.009894
v 0.214529 -0.818575 0.999188
v 0.196288 -0.763723 1.085551
v 0.176115 -0.819206 1.074844
v 0.250533 -0.779553 1.065377
v 0.230359 -0.835037 1.054671
v -0.940504 -0.661686 0.511887
v -0.954814 -0.719225 0.502695
v -0.883463 -0.673586 0.497577
v -0.897774 -0.731125 0.488384
v -0.928603 -0.673838 0.569426
v -0.942914 -0.731377 0.560233
v -0.871563 -0.685738 0.555115
v -0.885874 -0.743277 0.545923
v -0.791072 -0.653077 -0.774085
v -0.790801 -0.655700 -0.714143
v -0.732340 -0.640808 -0.773813
v -0.732069 -0.643431 -0.713871
v -0.803341 -0.594403 -0.771461
v -0.803070 -0.597027 -0.711519
v -0.744609 -0.582134 -0.771190
v -0.744338 -0.584758 -0.711248
v 0.464986 -0.571609 -0.928770
v 0.470812 -0.593392 -0.873169
v 0.517270 -0.542756 -0.922945
v 0.523095 -0.564539 -0.867343
v 0.436133 -0.523723 -0.906987
v 0.441959 -0.545507 -0.851385
v 0.488417 -0.494871 -0.901161
v 0.494243 -0.516654 -0.845559
v 0.935824 -0.482968 0.210260
v 0.945669 -0.516024 0.259355
v 0.986936 -0.453124 0.220105
v 0.996781 -0.486180 0.269200
v 0.905980 -0.442761 0.243316
v 0.915825 -0.475817 0.292411
v 0.957092 -0.412917 0.253161
v 0.966937 -0.445973 0.302256
v 0.001267 -0.332892 0.948887
v -0.047027 -0.347670 0.981280
v -0.023215 -0.358743 0.900593
v -0.071509 -0.373521 0.932986
v 0.027119 -0.384981 0.963665
v -0.021176 -0.399759 0.996058
v 0.002636 -0.410833 0.915371
v -0.045658 -0.425610 0.947764
v -0.916663 -0.322897 0.107255
v -0.916602 -0.323860 0.167247
v -0.857139 -0.315356 0.107316
v -0.857078 -0.316319 0.167308
v -0.924204 -0.263380 0.108218
v -0.924143 -0.264343 0.168210
v -0.864679 -0.255840 0.108279
v -0.864619 -0.256803 0.168271
v -0.284004 -0.196748 -0.929661
v -0.270729 -0.245776 -0.897723
v -0.230284 -0.173555 -0.916386
v -0.217009 -0.222583 -0.884448
v -0.307198 -0.171090 -0.880633
v -0.293922 -0.220118 -0.848695
v -0.253478 -0.147897 -0.867358
v -0.240202 -0.196925 -0.835420
v 0.801596 -0.132796 -0.363393
v 0.804199 -0.145024 -0.304710
v 0.856451 -0.108628 -0.360790
v 0.859054 -0.120855 -0.302107
v 0.777427 -0.079258 -0.351166
v 0.780030 -0.091486 -0.292482
v 0.832282 -0.055089 -0.348563
v 0.834885 -0.067317 -0.289880
v 0.386767 0.051156 0.798039
v 0.339790 0.013833 0.797770
v 0.410149 0.022063 0.751061
v 0.363172 -0.015260 0.750792
v 0.415860 0.014269 0.835362
v 0.368882 -0.023054 0.835093
v 0.439242 -0.014823 0.788384
v 0.392264 -0.052146 0.788116
v -0.750828 0.070089 0.336960
v -0.745877 0.050767 0.393548
v -0.698012 0.098125 0.341912
v -0.693061 0.078803 0.398499
v -0.778864 0.119493 0.356282
v -0.773912 0.100171 0.412870
v -0.726048 0.147528 0.361234
v -0.721096 0.128206 0.417821
v -0.359570 0.166950 -0.783012
v -0.359559 0.166641 -0.723013
v -0.299724 0.171249 -0.783001
v -0.299713 0.170939 -0.723001
v -0.363868 0.226796 -0.782702
v -0.363857 0.226486 -0.722703
v -0.304023 0.231094 -0.782691
v -0.304011 0.230784 -0.722692
v 0.705377 0.328012 -0.266332
v 0.708980 0.268260 -0.262241
v 0.765145 0.331863 -0.262728
v 0.768748 0.272111 -0.258637
v 0.701526 0.331871 -0.206580
v 0.705129 0.272119 -0.202489
v 0.761294 0.335722 -0.202977
v 0.764897 0.275970 -0.198886
v 0.100885 0.450932 0.727912
v 0.086634 0.393375 0.718740
v 0.157949 0.439074 0.713661
v 0.143698 0.381517 0.704489
v 0.112743 0.438825 0.785468
v 0.098492 0.381268 0.776297
v 0.169807 0.426967 0.771217
v 0.155556 0.369410 0.762046
v -0.721467 0.561157 -0.075094
v -0.731185 0.502387 -0.082278
v -0.662873 0.552656 -0.084812
v -0.672591 0.493886 -0.091996
v -0.712966 0.552568 -0.016324
v -0.722684 0.493797 -0.023508
v -0.654371 0.544066 -0.026042
v -0.664090 0.485296 -0.033226
v 0.257971 0.698526 -0.624131
v 0.209988 0.662523 -0.622902
v 0.278797 0.669132 -0.672114
v 0.230814 0.633130 -0.670885
v 0.287364 0.660580 -0.588129
v 0.239382 0.624578 -0.586900
v 0.308190 0.631187 -0.636111
v 0.260207 0.595184 -0.634883
v 0.448201 0.785370 0.435808
v 0.461479 0.736551 0.468064
v 0.501847 0.808733 0.449086
v 0.515125 0.759914 0.481341
v 0.424838 0.811271 0.484627
v 0.438116 0.762452 0.516883
v 0.478483 0.834634 0.497905
v 0.491761 0.785815 0.530160
v -0.572946 0.956925 0.163460
v -0.624295 0.927323 0.172788
v -0.564981 0.926928 0.112111
v -0.616330 0.897326 0.121439
v -0.542948 0.914218 0.193062
v -0.594297 0.884616 0.202390
v -0.534984 0.884221 0.141713
v -0.586333 0.854619 0.151041
v 0.199399 1.016638 -0.570947
v 0.203715 0.999147 -0.513716
v 0.252670 1.043906 -0.566631
v 0.256986 1.026415 -0.509400
v 0.172131 1.067141 -0.553456
v 0.176447 1.049650 -0.496225
v 0.225403 1.094409 -0.549140
v 0.229719 1.076918 -0.491909
v 0.188874 1.167402 0.481793
v 0.189080 1.165221 0.541753
v 0.247813 1.178631 0.481999
v 0.248019 1.176450 0.541959
v 0.177645 1.226301 0.483974
v 0.177851 1.224121 0.543934
v 0.236584 1.237530 0.484180
v 0.236790 1.235349 0.544140
v -0.378537 1.419790 -0.271696
v -0.430712 1.395404 -0.254870
v -0.381590 1.390320 -0.323871
v -0.433765 1.365934 -0.307044
v -0.349067 1.373564 -0.247310
v -0.401242 1.349178 -0.230484
v -0.352120 1.344093 -0.299485
v -0.404295 1.319708 -0.282659
v 0.419555 1.507532 0.095064
v 0.419584 1.506953 0.155061
v 0.479268 1.513402 0.095092
v 0.479296 1.512822 0.155090
v 0.413686 1.567242 0.095644
v 0.413714 1.566662 0.155641
v 0.473398 1.573112 0.095672
v 0.473426 1.572532 0.155670
v -0.392824 1.743350 -0.142224
v -0.379649 1.692739 -0.112815
v -0.338499 1.765148 -0.129049
v -0.325323 1.714538 -0.099639
v -0.414623 1.767084 -0.091613
v -0.401447 1.716474 -0.062204
v -0.360298 1.788883 -0.078438
v -0.347122 1.738272 -0.049028
v 0.273142 2.026422 0.205045
v 0.225091 2.011925 0.237922
v 0.248014 2.000738 0.156994
v 0.199963 1.986241 0.189871
v 0.298826 1.974171 0.219542
v 0.250775 1.959674 0.252420
v 0.273698 1.948487 0.171491
v 0.225647 1.933990 0.204369
v 0.059220 2.226487 -0.292073
v 0.069657 2.191640 -0.244357
v 0.110353 2.256093 -0.281636
v 0.120789 2.221246 -0.233920
v 0.029614 2.265335 -0.257226
v 0.040051 2.230488 -0.209510
v 0.080747 2.294941 -0.246789
v 0.091184 2.260094 -0.199073
v 0.059395 2.768006 0.005997
v 0.008540 2.737071 0.013531
v 0.070102 2.738021 -0.044858
v 0.019247 2.707086 -0.037324
v 0.089381 2.726246 0.036932
v 0.038526 2.695311 0.044466
v 0.100087 2.696261 -0.013923
v 0.049232 2.665326 -0.006389
vn 0.7764 0.6301 0.0133
vn 0.4051 -0.4828 -0.7764
vn 0.4828 -0.6082 0.6301
vn -0.7764 -0.6301 -0.0133
vn -0.4828 0.6082 -0.6301
vn -0.4051 0.4828 0.7764
vn -0.2127 0.7268 -0.6531
vn 0.8696 0.4456 0.2127
vn -0.4456 0.5227 0.7268
vn 0.2127 -0.7268 0.6531
vn 0.4456 -0.5227 -0.7268
vn -0.8696 -0.4456 -0.2127
vn 0.5475 0.8198 0.1678
vn 0.7433 -0.3843 -0.5475
vn 0.3843 -0.4245 0.8198
vn -0.5475 -0.8198 -0.1678
vn -0.3843 0.4245 -0.8198
vn -0.7433 0.3843 0.5475
vn 0.6537 0.7468 0.1226
vn 0.6193 -0.4349 -0.6537
vn 0.4349 -0.5032 0.7468
vn -0.6537 -0.7468 -0.1226
vn -0.4349 0.5032 -0.7468
vn -0.6193 0.4349 0.6537
vn -0.0004 0.0080 -1.0000
vn 0.9960 0.0892 0.0004
vn -0.0892 0.9960 0.0080
vn 0.0004 -0.0080 1.0000
vn 0.0892 -0.9960 -0.0080
vn -0.9960 -0.0892 -0.0004
vn 0.7302 0.6801 0.0648
vn 0.4992 -0.4664 -0.7302
vn 0.4664 -0.5656 0.6801
vn -0.7302 -0.6801 -0.0648
vn -0.4664 0.5656 -0.6801
vn -0.4992 0.4664 0.7302
vn -0.0431 0.2028 -0.9783
vn 0.9146 0.4021 0.0431
vn -0.4021 0.8929 0.2028
vn 0.0431 -0.2028 0.9783
vn 0.4021 -0.8929 -0.2028
vn -0.9146 -0.4021 -0.0431
vn -0.1530 0.5187 -0.8411
vn 0.8526 0.4997 0.1530
vn -0.4996 0.6937 0.5187
vn 0.1530 -0.5187 0.8411
vn 0.4996 -0.6937 -0.5187
vn -0.8526 -0.4997 -0.1530
vn 0.3362 0.9247 0.1784
vn 0.9041 -0.2638 -0.3362
vn 0.2638 -0.2744 0.9247
vn -0.3362 -0.9247 -0.1784
vn -0.2638 0.2744 -0.9247
vn -0.9041 0.2638 0.3362
vn 0.2385 0.9590 0.1532
vn 0.9507 -0.1983 -0.2385
vn 0.1983 -0.2025 0.9590
vn -0.2385 -0.9590 -0.1532
vn -0.1983 0.2025 -0.9590
vn -0.9507 0.1983 0.2385
vn -0.0045 0.0437 -0.9990
vn 0.9789 0.2045 0.0045
vn -0.2045 0.9779 0.0437
vn 0.0045 -0.0437 0.9990
vn 0.2045 -0.9779 -0.0437
vn -0.9789 -0.2045 -0.0045
vn -0.0971 0.3631 -0.9267
vn 0.8714 0.4809 0.0971
vn -0.4809 0.7981 0.3631
vn 0.0971 -0.3631 0.9267
vn 0.4809 -0.7981 -0.3631
vn -0.8714 -0.4809 -0.0971
vn -0.1641 0.5509 -0.8183
vn 0.8519 0.4974 0.1641
vn -0.4974 0.6701 0.5509
vn 0.1641 -0.5509 0.8183
vn 0.4974 -0.6701 -0.5509
vn -0.8519 -0.4974 -0.1641
vn 0.8049 0.2463 -0.5399
vn -0.4080 -0.4309 -0.8049
vn 0.4309 -0.8682 0.2463
vn -0.8049 -0.2463 0.5399
vn -0.4309 0.8682 -0.2463
vn 0.4080 0.4309 0.8049
vn -0.0010 0.0161 -0.9999
vn 0.9921 0.1257 0.0010
vn -0.1257 0.9919 0.0161
vn 0.0010 -0.0161 0.9999
vn 0.1257 -0.9919 -0.0161
vn -0.9921 -0.1257 -0.0010
vn -0.2213 0.8171 -0.5323
vn 0.8953 0.3866 0.2213
vn -0.3866 0.4276 0.8171
vn 0.2213 -0.8171 0.5323
vn 0.3866 -0.4276 -0.8171
vn -0.8953 -0.3866 -0.2213
vn -0.0434 0.2038 -0.9781
vn 0.9143 0.4028 0.0434
vn -0.4028 0.8923 0.2038
vn 0.0434 -0.2038 0.9781
vn 0.4028 -0.8923 -0.2038
vn -0.9143 -0.4028 -0.0434
vn 0.7830 0.6221 0.0045
vn 0.3897 -0.4849 -0.7830
vn 0.4849 -0.6148 0.6221
vn -0.7830 -0.6221 -0.0045
vn -0.4849 0.6148 -0.6221
vn -0.3897 0.4849 0.7830
vn -0.0825 0.3220 -0.9431
vn 0.8803 0.4673 0.0825
vn -0.4673 0.8234 0.3220
vn 0.0825 -0.3220 0.9431
vn 0.4673 -0.8234 -0.3220
vn -0.8803 -0.4673 -0.0825
vn -0.0002 0.0052 -1.0000
vn 0.9974 0.0716 0.0002
vn -0.0716 0.9974 0.0052
vn 0.0002 -0.0052 1.0000
vn 0.0716 -0.9974 -0.0052
vn -0.9974 -0.0716 -0.0002
vn -0.0601 0.9959 -0.0682
vn 0.9961 0.0642 0.0601
vn -0.0642 0.0643 0.9959
vn 0.0601 -0.9959 0.0682
vn 0.0642 -0.0643 -0.9959
vn -0.9961 -0.0642 -0.0601
vn 0.2375 0.9593 0.1529
vn 0.9511 -0.1976 -0.2375
vn 0.1976 -0.2018 0.9593
vn -0.2375 -0.9593 -0.1529
vn -0.1976 0.2018 -0.9593
vn -0.9511 0.1976 0.2375
vn 0.1620 0.9795 0.1197
vn 0.9766 -0.1417 -0.1620
vn 0.1417 -0.1432 0.9795
vn -0.1620 -0.9795 -0.1197
vn -0.1417 0.1432 -0.9795
vn -0.9766 0.1417 0.1620
vn 0.7997 0.6000 -0.0205
vn 0.3471 -0.4899 -0.7997
vn 0.4899 -0.6324 0.6000
vn -0.7997 -0.6000 0.0205
vn -0.4899 0.6324 -0.6000
vn -0.3471 0.4899 0.7997
vn -0.2213 0.8136 -0.5376
vn 0.8941 0.3894 0.2213
vn -0.3894 0.4317 0.8136
vn 0.2213 -0.8136 0.5376
vn 0.3894 -0.4317 -0.8136
vn -0.8941 -0.3894 -0.2213
vn 0.8558 0.4934 -0.1555
vn 0.1327 -0.5000 -0.8558
vn 0.5000 -0.7118 0.4934
vn -0.8558 -0.4934 0.1555
vn -0.5000 0.7118 -0.4934
vn -0.1327 0.5000 0.8558
vn -0.0719 0.2915 -0.9539
vn 0.8879 0.4545 0.0719
vn -0.4545 0.8417 0.2915
vn 0.0719 -0.2915 0.9539
vn 0.4545 -0.8417 -0.2915
vn -0.8879 -0.4545 -0.0719
vn -0.0034 0.0363 -0.9993
vn 0.9823 0.1871 0.0034
vn -0.1871 0.9817 0.0363
vn 0.0034 -0.0363 0.9993
vn 0.1871 -0.9817 -0.0363
vn -0.9823 -0.1871 -0.0034
vn 0.8696 0.4064 -0.2804
vn -0.0509 -0.4912 -0.8696
vn 0.4912 -0.7704 0.4064
vn -0.8696 -0.4064 0.2804
vn -0.4912 0.7704 -0.4064
vn 0.0509 0.4912 0.8696
vn -0.0005 0.0097 -1.0000
vn 0.9952 0.0978 0.0005
vn -0.0978 0.9952 0.0097
vn 0.0005 -0.0097 1.0000
vn 0.0978 -0.9952 -0.0097
vn -0.9952 -0.0978 -0.0005
vn -0.2196 0.8435 -0.4902
vn 0.9054 0.3633 0.2196
vn -0.3633 0.3956 0.8435
vn 0.2196 -0.8435 0.4902
vn 0.3633 -0.3956 -0.8435
vn -0.9054 -0.3633 -0.2196
vn 0.8009 0.2416 -0.5480
vn -0.4188 -0.4281 -0.8008
vn 0.4281 -0.8708 0.2416
vn -0.8009 -0.2416 0.5480
vn -0.4281 0.8708 -0.2416
vn 0.4188 0.4281 0.8009
vn -0.1739 0.5808 -0.7953
vn 0.8522 0.4934 0.1739
vn -0.4934 0.6475 0.5808
vn 0.1739 -0.5808 0.7953
vn 0.4934 -0.6475 -0.5808
vn -0.8522 -0.4934 -0.1740
vn 0.8476 0.5156 -0.1256
vn 0.1784 -0.4998 -0.8476
vn 0.4998 -0.6960 0.5156
vn -0.8476 -0.5156 0.1256
vn -0.4998 0.6960 -0.5156
vn -0.1784 0.4998 0.8476
vt 0.625000 0.500000
vt 0.875000 0.500000
vt 0.875000 0.750000
vt 0.625000 0.750000
vt 0.375000 0.750000
vt 0.625000 1.000000
vt 0.375000 1.000000
vt 0.375000 0.000000
vt 0.625000 0.000000
vt 0.625000 0.250000
vt 0.375000 0.250000
vt 0.125000 0.500000
vt 0.375000 0.500000
vt 0.125000 0.750000
s 0
usemtl Material
f 1/1/1 5/2/1 7/3/1 3/4/1
f 4/5/2 3/4/2 7/6/2 8/7/2
f 8/8/3 7/9/3 5/10/3 6/11/3
f 6/12/4 2/13/4 4/5/4 8/14/4
f 2/13/5 1/1/5 3/4/5 4/5/5
f 6/11/6 5/10/6 1/1/6 2/13/6
f 9/1/7 13/2/7 15/3/7 11/4/7
f 12/5/8 11/4/8 15/6/8 16/7/8
f 16/8/9 15/9/9 13/10/9 14/11/9
f 14/12/10 10/13/10 12/5/10 16/14/10
f 10/13/11 9/1/11 11/4/11 12/5/11
f 14/11/12 13/10/12 9/1/12 10/13/12
f 17/1/13 21/2/13 23/3/13 19/4/13
f 20/5/14 19/4/14 23/6/14 24/7/14
f 24/8/15 23/9/15 21/10/15 22/11/15
f 22/12/16 18/13/16 20/5/16 24/14/16
f 18/13/17 17/1/17 19/4/17 20/5/17
f 22/11/18 21/10/18 17/1/18 18/13/18
f 25/1/19 29/2/19 31/3/19 27/4/19
f 28/5/20 27/4/20 31/6/20 32/7/20
f 32/8/21 31/9/21 29/10/21 30/11/21
f 30/12/22 26/13/22 28/5/22 32/14/22
f 26/13/23 25/1/23 27/4/23 28/5/23
f 30/11/24 29/10/24 25/1/24 26/13/24
f 33/1/25 37/2/25 39/3/25 35/4/25
f 36/5/26 35/4/26 39/6/26 40/7/26
f 40/8/27 39/9/27 37/10/27 38/11/27
f 38/12/28 34/13/28 36/5/28 40/14/28
f 34/13/29 33/1/29 35/4/29 36/5/29
f 38/11/30 37/10/30 33/1/30 34/13/30
f 41/1/31 45/2/31 47/3/31 43/4/31
f 44/5/32 43/4/32 47/6/32 48/7/32
f 48/8/33 47/9/33 45/10/33 46/11/33
f 46/12/34 42/13/34 44/5/34 48/14/34
f 42/13/35 41/1/35 43/4/35 44/5/35
f 46/11/36 45/10/36 41/1/36 42/13/36
f 49/1/37 53/2/37 55/3/37 51/4/37
f 52/5/38 51/4/38 55/6/38 56/7/38
f 56/8/39 55/9/39 53/10/39 54/11/39
f 54/12/40 50/13/40 52/5/40 56/14/40
f 50/13/41 49/1/41 51/4/41 52/5/41
f 54/11/42 53/10/42 49/1/42 50/13/42
f 57/1/43 61/2/43 63/3/43 59/4/43
f 60/5/44 59/4/44 63/6/44 64/7/44
f 64/8/45 63/9/45 61/10/45 62/11/45
f 62/12/46 58/13/46 60/5/46 64/14/46
f 58/13/47 57/1/47 59/4/47 60/5/47
f 62/11/48 61/10/48 57/1/48 58/13/48
f 65/1/49 69/2/49 71/3/49 67/4/49
f 68/5/50 67/4/50 71/6/50 72/7/50
f 72/8/51 71/9/51 69/10/51 70/11/51
f 70/12/52 66/13/52 68/5/52 72/14/52
f 66/13/53 65/1/53 67/4/53 68/5/53
f 70/11/54 69/10/54 65/1/54 66/13/54
f 73/1/55 77/2/55 79/3/55 75/4/55
f 76/5/56 75/4/56 79/6/56 80/7/56
f 80/8/57 79/9/57 77/10/57 78/11/57
f 78/12/58 74/13/58 76/5/58 80/14/58
f 74/13/59 73/1/59 75/4/59 76/5/59
f 78/11/60 77/10/60 73/1/60 74/13/60
f 81/1/61 85/2/61 87/3/61 83/4/61
f 84/5/62 83/4/62 87/6/62 88/7/62
f 88/8/63 87/9/63 85/10/63 86/11/63
f 86/12/64 82/13/64 84/5/64 88/14/64
f 82/13/65 81/1/65 83/4/65 84/5/65
f 86/11/66 85/10/66 81/1/66 82/13/66
f 89/1/67 93/2/67 95/3/67 91/4/67
f 92/5/68 91/4/68 95/6/68 96/7/68
f 96/8/69 95/9/69 93/10/69 94/11/69
f 94/12/70 90/13/70 92/5/70 96/14/70
f 90/13/71 89/1/71 91/4/71 92/5/71
f 94/11/72 93/10/72 89/1/72 90/13/72
f 97/1/73 101/2/73 103/3/73 99/4/73
f 100/5/74 99/4/74 103/6/74 104/7/74
f 104/8/75 103/9/75 101/10/75 102/11/75
f 102/12/76 98/13/76 100/5/76 104/14/76
f 98/13/77 97/1/77 99/4/77 100/5/77
f 102/11/78 101/10/78 97/1/78 98/13/78
f 105/1/79 109/2/79 111/3/79 107/4/79
f 108/5/80 107/4/80 111/6/80 112/7/80
f 112/8/81 111/9/81 109/10/81 110/11/81
f 110/12/82 106/13/82 108/5/82 112/14/82
f 106/13/83 105/1/83 107/4/83 108/5/83
f 110/11/84 109/10/84 105/1/84 106/13/84
f 113/1/85 117/2/85 119/3/85 115/4/85
f 116/5/86 115/4/86 119/6/86 120/7/86
f 120/8/87 119/9/87 117/10/87 118/11/87
f 118/12/88 114/13/88 116/5/88 120/14/88
f 114/13/89 113/1/89 115/4/89 116/5/89
f 118/11/90 117/10/90 113/1/90 114/13/90
f 121/1/91 125/2/91 127/3/91 123/4/91
f 124/5/92 123/4/92 127/6/92 128/7/92
f 128/8/93 127/9/93 125/10/93 126/11/93
f 126/12/94 122/13/94 124/5/94 128/14/94
f 122/13/95 121/1/95 123/4/95 124/5/95
f 126/11/96 125/10/96 121/1/96 122/13/96
f 129/1/97 133/2/97 135/3/97 131/4/97
f 132/5/98 131/4/98 135/6/98 136/7/98
f 136/8/99 135/9/99 133/10/99 134/11/99
f 134/12/100 130/13/100 132/5/100 136/14/100
f 130/13/101 129/1/101 131/4/101 132/5/101
f 134/11/102 133/10/102 129/1/102 130/13/102
f 137/1/103 141/2/103 143/3/103 139/4/103
f 140/5/104 139/4/104 143/6/104 144/7/104
f 144/8/105 143/9/105 141/10/105 142/11/105
f 142/12/106 138/13/106 140/5/106 144/14/106
f 138/13/107 137/1/107 139/4/107 140/5/107
f 142/11/108 141/10/108 137/1/108 138/13/108
f 145/1/109 149/2/109 151/3/109 147/4/109
f 148/5/110 147/4/110 151/6/110 152/7/110
f 152/8/111 151/9/111 149/10/111 150/11/111
f 150/12/112 146/13/112 148/5/112 152/14/112
f 146/13/113 145/1/113 147/4/113 148/5/113
f 150/11/114 149/10/114 145/1/114 146/13/114
f 153/1/115 157/2/115 159/3/115 155/4/115
f 156/5/116 155/4/116 159/6/116 160/7/116
f 160/8/117 159/9/117 157/10/117 158/11/117
f 158/12/118 154/13/118 156/5/118 160/14/118
f 154/13/119 153/1/119 155/4/119 156/5/119
f 158/11/120 157/10/120 153/1/120 154/13/120
f 161/1/121 165/2/121 167/3/121 163/4/121
f 164/5/122 163/4/122 167/6/122 168/7/122
f 168/8/123 167/9/123 165/10/123 166/11/123
f 166/12/124 162/13/124 164/5/124 168/14/124
f 162/13/125 161/1/125 163/4/125 164/5/125
f 166/11/126 165/10/126 161/1/126 162/13/126
f 169/1/127 173/2/127 175/3/127 171/4/127
f 172/5/128 171/4/128 175/6/128 176/7/128
f 176/8/129 175/9/129 173/10/129 174/11/129
f 174/12/130 170/13/130 172/5/130 176/14/130
f 170/13/131 169/1/131 171/4/131 172/5/131
f 174/11/132 173/10/132 169/1/132 170/13/132
f 177/1/133 181/2/133 183/3/133 179/4/133
f 180/5/134 179/4/134 183/6/134 184/7/134
f 184/8/135 183/9/135 181/10/135 182/11/135
f 182/12/136 178/13/136 180/5/136 184/14/136
f 178/13/137 177/1/137 179/4/137 180/5/137
f 182/11/138 181/10/138 177/1/138 178/13/138
f 185/1/139 189/2/139 191/3/139 187/4/139
f 188/5/140 187/4/140 191/6/140 192/7/140
f 192/8/141 191/9/141 189/10/141 190/11/141
f 190/12/142 186/13/142 188/5/142 192/14/142
f 186/13/143 185/1/143 187/4/143 188/5/143
f 190/11/144 189/10/144 185/1/144 186/13/144
f 193/1/145 197/2/145 199/3/145 195/4/145
f 196/5/146 195/4/146 199/6/146 200/7/146
f 200/8/147 199/9/147 197/10/147 198/11/147
f 198/12/148 194/13/148 196/5/148 200/14/148
f 194/13/149 193/1/149 195/4/149 196/5/149
f 198/11/150 197/10/150 193/1/150 194/13/150
f 201/1/151 205/2/151 207/3/151 203/4/151
f 204/5/152 203/4/152 207/6/152 208/7/152
f 208/8/153 207/9/153 205/10/153 206/11/153
f 206/12/154 202/13/154 204/5/154 208/14/154
f 202/13/155 201/1/155 203/4/155 204/5/155
f 206/11/156 205/10/156 201/1/156 202/13/156
f 209/1/157 213/2/157 215/3/157 211/4/157
f 212/5/158 211/4/158 215/6/158 216/7/158
f 216/8/159 215/9/159 213/10/159 214/11/159
f 214/12/160 210/13/160 212/5/160 216/14/160
f 210/13/161 209/1/161 211/4/161 212/5/161
f 214/11/162 213/10/162 209/1/162 210/13/162
f 217/1/163 221/2/163 223/3/163 219/4/163
f 220/5/164 219/4/164 223/6/164 224/7/164
f 224/8/165 223/9/165 221/10/165 222/11/165
f 222/12/166 218/13/166 220/5/166 224/14/166
f 218/13/167 217/1/167 219/4/167 220/5/167
f 222/11/168 221/10/168 217/1/168 218/13/168
f 225/1/169 229/2/169 231/3/169 227/4/169
f 228/5/170 227/4/170 231/6/170 232/7/170
f 232/8/171 231/9/171 229/10/171 230/11/171
f 230/12/172 226/13/172 228/5/172 232/14/172
f 226/13/173 225/1/173 227/4/173 228/5/173
f 230/11/174 229/10/174 225/1/174 226/13/174
f 233/1/175 237/2/175 239/3/175 235/4/175
f 236/5/176 235/4/176 239/6/176 240/7/176
f 240/8/177 239/9/177 237/10/177 238/11/177
f 238/12/178 234/13/178 236/5/178 240/14/178
f 234/13/179 233/1/179 235/4/179 236/5/179
f 238/11/180 237/10/180 233/1/180 234/13/180
f 241/1/181 245/2/181 247/3/181 243/4/181
f 244/5/182 243/4/182 247/6/182 248/7/182
f 248/8/183 247/9/183 245/10/183 246/11/183
f 246/12/184 242/13/184 244/5/184 248/14/184
f 242/13/185 241/1/185 243/4/185 244/5/185
f 246/11/186 245/10/186 241/1/186 242/13/186
f 249/1/187 253/2/187 255/3/187 251/4/187
f 252/5/188 251/4/188 255/6/188 256/7/188
f 256/8/189 255/9/189 253/10/189 254/11/189
f 254/12/190 250/13/190 252/5/190 256/14/190
f 250/13/191 249/1/191 251/4/191 252/5/191
f 254/11/192 253/10/192 249/1/192 250/13/192
f 257/1/193 261/2/193 263/3/193 259/4/193
f 260/5/194 259/4/194 263/6/194 264/7/194
f 264/8/195 263/9/195 261/10/195 262/11/195
f 262/12/196 258/13/196 260/5/196 264/14/196
f 258/13/197 257/1/197 259/4/197 260/5/197
f 262/11/198 261/10/198 257/1/198 258/13/198
f 265/1/199 269/2/199 271/3/199 267/4/199
f 268/5/200 267/4/200 271/6/200 272/7/200
f 272/8/201 271/9/201 269/10/201 270/11/201
f 270/12/202 266/13/202 268/5/202 272/14/202
f 266/13/203 265/1/203 267/4/203 268/5/203
f 270/11/204 269/10/204 265/1/204 266/13/204
